   4.22181749      0.567010641       3.95331454    
   2.10367846      -1.12519503     -0.164296895    
  -3.61671615      -4.19708586      -1.29752314    
  -1.33856916      -2.39319348      -3.11265254    
   3.39847016     -0.960796416     -0.462585747    
   1.37400246      -4.10584497       1.28001058    
   1.24228585      -1.50196183       3.01806736    
 -0.837585509      -2.48718596       3.97557998    
  0.834924757       1.46774995     -0.365855813    
  -1.44233000      -3.39077067       2.16753364    
  0.896812201       1.85863221       3.37140346    
   1.34258187      -2.96368527      0.952997267    
   4.06145573       4.23524618      -2.06358123    
  0.431595027       1.34952569      0.458235830    
   4.05381775       3.41033888       1.33999848    
   1.94187534     -0.827672362       3.63692641    
  -2.98813629       1.48088932       2.28769040    
  -1.36335647      -3.25979638      0.970427930    
   2.72045231       3.79361987       1.96113789    
  -2.03310829E-02  -1.06231380     -0.666027069    
  0.448884517       4.22486925       4.16102314    
   2.08994937       3.85016751      -3.45108461    
   1.98570204       2.13620973       3.79153109    
   1.74941635       2.66269016      0.497176915    
  -3.71895027     -0.166470096      0.828902304    
  -3.07555985      0.741552472      0.169431254    
   3.27419662      -1.66468084       1.43955052    
   1.39952457       3.11986040E-02  -2.02304697    
  -3.59291363      -3.38341641      0.418021739    
  -1.05566823      -4.11398077       2.48540163    
   1.02565157       2.32153964       3.84865499    
  -3.27315569      -1.54035366      0.821520925    
  -3.83394527      -3.27348304      -2.41005158    
  -3.38915467      -3.62021589      -2.14789104    
 -0.480387598      -2.47451591      0.568483889    
  -4.03623295     -0.676338792     -0.866722167    
   4.04385042       1.63426304      -4.20058060    
  -3.14013839      -3.84561729       2.88303065    
   1.51448619      0.695356429       1.98147857    
  -3.25789642       2.88745880       2.84245682    
   2.09187317       2.91207623      0.244700268    
   1.40414500       1.95781100     -0.758527458    
  -1.22420943       1.99718559     -0.243371159    
 -0.317125469       2.20349646       1.71787798    
  -2.05367208       3.71394825     -0.372463435    
   2.61754656       3.46909571       1.65353763    
  -2.38015389       3.01180673       2.07371783    
  -1.68756592       1.45916140       1.00729442    
   3.96738482       4.15970421      -1.37452281    
   3.57023025      -1.36547101       3.65657663    
  0.394796759     -0.292627513      -2.74140024    
  -1.03522646      -2.75576901      -1.21456480    
   1.40577257       1.00589609     -0.263484269    
  -1.55911243      -1.96106553      -2.54618359    
 -0.717598259       4.06690836      0.366652369    
  -3.14355564       2.58574772       2.93430853    
   1.77365386      0.245839208       1.39019752    
   3.40029240       3.74330044      -3.27166319    
   3.11119246       1.12314928      -2.18245888    
  -2.88155890      -4.06233931      -2.62821031    
  -1.59230363       2.62737489      0.625505030    
   2.76833749      -1.81194103      -2.88054895    
  -1.43461740      -1.98674595      0.379969746    
  0.454122066      -4.05912209      -2.98039007    
  -3.35241461      0.969109416     -0.795125902    
   3.40698695       3.75750279      -2.91359758    
   3.70762134      -3.09302998      -1.09217715    
  -1.51448619       1.82398188       1.94908130    
  -1.03014672       2.79102445       3.84936452    
  -1.62557232      0.676602781      -2.26169944    
   2.92228031      -2.05225801       2.88274121    
  0.319515109       1.03153038      -7.78528750E-02
  -1.82562304      -2.24379349       1.28446579    
  0.909345150     -0.864237964       2.95953965    
   1.16768646      -2.04639578      -1.19782603    
  0.524631500      -3.21185851       4.05983639    
 -0.991000235       1.87263942      -1.20263720    
   3.47786498      0.370688260       3.90036821    
   3.64409828       1.13123357      -1.73426819    
  -2.75985098       2.90679622       1.00623894    
   1.74701107      -2.18541002       2.52821374    
 -0.924751759      -3.30951500       2.15255451    
  -3.98969436       1.70261645      0.213851646    
   2.14298224       1.25305378       3.14867234    
   2.80618620       3.87919855      -2.35657477    
  0.674499869       4.16412687       2.88463926    
  -2.75929165       1.77797198      -1.68385220    
  -4.03004599       3.53605628       1.60203278    
   2.17860246       3.67171836      -3.77576280    
  -8.90976842E-03  -3.73767304      -2.78423262    
   1.59826088      -1.64083421       1.99559999    
   2.13966084     -0.884812295      -3.49766445    
  -3.82707167       2.37039900       1.53389883    
  -1.59883845      0.193158954       4.91830148E-02
 -0.521609604      0.743623555      -1.71970570    
  -1.74028766      -3.61646032       4.02993774    
   1.93597078       2.18990946      -1.61914933    
  -2.15097451      -2.06282353       1.00176811    
   3.71465445       4.17619181      -2.33492279    
   3.79522657       2.95097589       1.69808137    
  0.461959630     -0.495663732      -2.12820482    
   3.37418747      -3.00600028     -0.554976344    
 -0.361665189      -1.61741555     -0.161855653    
   1.60997546       2.63714337     -0.914990306    
  -1.75514352      0.644677401       1.91203630    
  -3.03108597      -1.41229010      -2.88160944    
  0.293534309       1.89492571      -2.30640364    
  -2.55394530       4.01020050       4.18797731    
  -3.54715800      -2.11379027      -2.41103578    
  -2.58134604       2.97201705      -3.86339283    
   3.08788848      -3.67289162     -0.616716087    
  -3.07736802      -3.23206162      -1.64652801    
  0.960821211       1.38869095       3.35931563    
   2.15248156       1.10195732      -2.36743069    
 -0.137141258      0.975953221       4.13780832    
  0.502209604      -1.09555566      -1.37801707    
   2.08244371      0.591703832     -0.372182727    
   1.25739658       1.55782175      -2.79675293    
  -1.92554533     -0.502633452     -0.358730853    
 -0.888752580       1.59802473      -1.70643938    
  -2.50116014      -2.61098361     -0.687289774    
   1.61763406      -3.04990482      -3.02287292    
   1.37851119      0.642107725       2.33296847    
   2.33590484       2.25154257       3.19471169    
  -3.40069079      -1.40414298       1.23112655    
  -3.12573814       2.60952282      0.355288208    
  -1.98760116     -0.348948151       9.26991180E-02
   4.10187207E-02   3.91817403      0.426247746    
  -2.63351512      -2.53602099      -2.13197398    
   3.98874879       2.34520006      -1.92864799    
  -2.58735791E-02 -0.859098017      0.961324930    
  -3.51901627       2.01097488       3.07896304    
  -1.34882534       1.64983964       1.20388591    
  -3.51709032       1.76475620      0.784524441    
  -2.26731944      -3.60446739      -1.49051821    
   3.50510144      -2.50914288     -0.400768638    
   1.92757690      -4.00190639      0.144498885    
   2.27111912       3.34620309       3.77151966    
  -1.78350532      0.266988605      -2.26698804    
  -1.58860004      -3.04170966      -1.33570921    
  -2.93983173       2.96311831       4.00537395    
 -0.501262844       2.32864785     -0.371523738    
   3.09280443       1.93437970       1.16530132    
   1.90098059      0.884247363      -4.01941729    
  -1.75839198      -2.56934381       3.80691957    
  0.270216286      -4.15462637     -0.406132102    
   3.93352342       4.12473488      -1.34985948    
   3.89710975      -1.47039044       1.73292601    
   2.46446252       1.89694822       1.94270027    
 -0.463437438      -1.00310934       3.58259678    
   2.10788369     -0.621699274      -2.39764428    
   1.94658494       2.51933837      0.495724410    
   3.27027965     -0.991684020      -2.19935346    
  -1.56902814     -0.569307268      -3.83539009    
 -0.644187331       2.01373219       3.16310430    
  -1.62923896       2.91306686       2.68205690    
 -0.790800750       3.09694242       2.98886251    
  0.102516711       2.34538722      -6.05830885E-02
  -2.50433183     -0.465567648     -0.563792586    
  -3.77828598       1.70121908       3.55724835    
 -0.941727161      -2.13078046      -1.13405216    
   4.23118591       1.37524962      -2.71746874    
   3.15962934      -2.17253304      -3.25493360    
   2.70010805      0.302409708       4.14115953    
 -0.710150599       2.61507511      -2.20663619    
   3.99016333      -1.04944658       1.13190925    
  -3.08092475       2.27800179      -3.38384676    
  0.440765738       2.81408048      -1.04146636    
   3.12052703       1.05776513      0.443883687    
  -2.44700074       2.73829246      -1.15734434    
  -2.28653288      -1.44997346       1.52809489    
 -0.602056503     -0.404695779       3.62827849    
 -0.456231028       1.41911721       2.38305736    
   2.46768212      -2.56468940      -2.06713319    
   1.50019419       3.38155437      -1.06051230    
  -4.07251310     -0.831516027       4.16584110    
   4.02827311       3.99033117       3.97810626    
  -1.06294799      -3.41706491       2.12740064    
   2.75348306       1.90442574      -1.12806761    
   1.03561735      -1.64336205      -1.68617511    
   1.49661052       2.80060935      0.477909416    
  0.504392922      -1.46109283       1.95753586    
  -2.89974046      0.278947532       2.41140294    
  -2.41160536      -1.48222446       1.23053631E-02
  -2.35105562     -0.284261435      -2.65752792    
  -2.58701396      -2.48681116       3.44328237    
   2.54482603       1.99354875     -0.718275964    
   2.63874745       4.14387846      -7.53453746E-02
  -2.38161254       2.22208166       3.45603442    
  0.760585845       3.14472795      -3.91494179    
   3.71673703      -3.84455228       3.36926055    
  -4.07498074       4.23611164       4.07449341    
  0.947455287      0.743015110       3.92224574    
   3.33818793      -2.52669287      -4.13448334    
  -2.07891798       3.31280136      -1.95516849    
   3.30085111      0.162436754      -1.12676227    
   4.10527182       3.19845128       1.53958440    
  -1.16701782      -2.56086588      -2.65388775    
   4.13778019      -2.69265985      -4.14212418    
   3.76496458      -6.84570819E-02   4.07731342    
  0.961221755      -1.16510713      0.274729073    
  -3.00545716      -3.11545539      -1.00816381    
   1.69990611      0.421968102       2.76248860    
  0.316826046       1.37740111      -3.79138184    
  -2.78763676       1.00682962       2.19535947    
   3.47936749       1.81580091       2.03651357    
  -1.21588683       2.73100829      0.441694319    
   1.27956808      -2.65101457       2.70086908    
  -4.05248880       1.33367157      -3.22736025    
 -0.972800374      -2.18367004       3.94847298    
 -0.124810092       4.17761087      -1.85583997    
   4.05950165       3.84261584      -2.17974138    
 -0.707476199       2.00061059      -2.58553767    
   1.18231320       1.10034454      -3.36967278    
  -3.06526446     -0.382494956       4.10987902    
 -0.637097776       1.73777461      -1.14208901    
  -2.54232001     -0.767123163      -2.21270323    
   1.73947287      -3.57152009      -2.51312113    
  -4.09529543      -1.40588784      -1.82549667    
   2.93085313      -4.72277924E-02   1.78277957    
  -2.08182669       2.73832488      -1.85301030    
   1.05893028       2.08568335       3.17285323    
  -3.15734029      -1.87364030       3.59321618    
   4.12628984       2.45465159      -1.29034960    
   2.24280834      -2.60413408      -3.69599271    
  -3.85882545      -2.99931026       2.60409021    
   1.32382715      -2.16644645      -1.49027252    
   4.10399199      0.965197444      -1.76045644    
  -3.76570113E-02   2.00356507      -3.90708852    
  -4.10966158     -0.182228208       2.34710479    
   3.45278645       3.52293825      -1.40996671    
  -1.70283496       2.78905439     -0.344808608    
  -4.11657047      -1.36526358      -3.74871659    
  -3.45533705       1.28744566     -0.889346838    
   1.01761174       2.75950718      -1.36544466    
  -1.62515914      -1.18009150     -0.749351144    
 -0.331360757     -0.997731745       1.21435440    
  -2.19209647       1.83003879       3.02748084    
  -2.85147905       1.96262622       8.41575339E-02
  -1.86531830       4.18360662       2.21669197    
  -3.96490359       1.75352454       1.46016479    
  -3.47851324     -0.329289705      -2.00384283    
  -1.22616708       1.89334071      -4.01094484    
  0.719869554       1.64817870      -3.30329132    
  0.222793773       4.18887234       1.91977262    
   2.21024776      -2.51481438       3.08221698    
  -2.60918903      -3.49448538      -2.19524121    
   3.48330927       2.79886794      -3.58454561    
   3.15199566      0.485260993     -0.872373402    
   4.23666763       2.29112291       2.42385149    
   2.15007186      0.510976255       1.64969242    
   3.18706131      -4.12087440      -1.81799591    
  -2.70397234       2.61098194      0.445801497    
 -0.120156199      0.311731637      -3.85778761    
  -3.02204704       2.37692165       2.29626131    
  -2.88891602     -0.263378054      -2.85932517    
  0.414516389      -1.65426290      -2.93229699    
  0.636556625      -3.01993370      -2.60239029    
   1.62132001       3.81986928      -3.12749624    
   1.78181064      -1.02048540     -0.865637362    
  -4.23398876     -0.736590624       2.57787061    
   3.20619774      -3.04792333      -3.87723231    
  0.557040334      -3.74867916       3.15095472    
  -1.32098436      -8.62629637E-02  -1.84790325    
  -2.21830678      0.421264082       1.81471813    
   3.41800570       2.18383813      0.332834005    
   1.23814929       2.34993196       3.21596432    
  0.871744275      -3.72055030     -0.516562760    
  -4.16865969      -1.70061529       4.01768208    
   3.86214828      -2.43276930       1.47611713    
  0.306770772      -1.19047141      -4.23087454    
   2.96498466     -0.666313827       2.10297656    
  -4.14372253      0.970420837     -0.471463680    
   1.38018465       1.60151839       3.72600746    
   1.83897328     -0.410118908       1.14128947    
  -2.34022665     -0.864099383       2.80089450    
  -3.06301522       2.17159486       2.48602819    
  -2.30873013      0.238317221      -3.07625580    
  -2.76654720      -2.99072671       2.63044882    
  -2.10866165     -0.763162136       3.87424469    
   1.86450350       2.84574938       2.34894514    
  0.321443528      0.944289804       1.64714241    
  0.854300976      -3.42500162      0.417435080    
  -1.75728333      -2.49582267       2.91092515    
   1.28545749       3.92928386      0.932980299    
 -0.815572321      -3.15122390      -3.07334256    
  -2.41717911      0.195238084       1.77954078    
  0.189970717      -2.67740846       3.08082533    
  -1.57565796      -4.21652079       4.23894167    
   3.22771573      -2.17409539      0.372683436    
   2.21455264       1.54107332     -0.667688489    
  0.803787887     -0.454365313       3.77159643    
  -2.83099771       4.02676868      -3.50507569    
  -2.96032977       3.47803235      -2.49860930    
  -2.36271715      -3.10429096       1.67534244    
   4.04786444      -4.21845722      -4.90388758E-02
  -2.14112711       3.41580462      -3.35738754    
   2.33533812      -3.35514760       1.02426028    
  -1.40569055       4.05365610       1.62850618    
   2.78037333       3.97208691      -1.88844454    
  -1.13655865      -2.93392396       4.08051586    
   3.66339326      -2.25468540      -3.19553399    
  -1.13510609       2.88021803      -3.17516708    
   4.15745544     -0.169605747       3.91528821    
   3.90768981       2.14865017       1.23541784    
   1.39904916       3.21832108       1.94845462    
   1.66541064      0.291442543       2.11114383    
   2.77257323      -4.20749140      -2.33441186    
 -0.728760123       1.09168005      -3.82884121    
   1.38475919      -2.73360419      0.696620286    
   3.91188669      -1.81564772      -1.86636007    
   3.20988560       1.50172520      -2.23837233    
  -2.66080165      -3.71578979      -2.82651281    
  -2.42966270     -0.622210562      -3.42182255    
  -2.24837208      -3.14187622       3.75797915    
  -1.39542902      -3.65047479      -6.26450256E-02
   1.66864538       2.05588484      -3.21032357    
  0.351938635     -0.418100148       1.57109261    
   2.83365393       3.66670728       2.26111245    
  0.793738127     -0.808382571       4.23996830    
  -3.09945440      -1.18672287      -3.28476310    
   1.11731899      -2.91954017     -0.812992513    
  -2.66925430       1.57220626      0.955494702    
  -2.16834092      -3.01453638       1.84970379    
   2.71407175      -3.23535204      -3.16696286    
  -1.81288934       4.13013077      -2.15966034    
  -9.22171399E-02  -3.99056530      -2.24884701    
 -0.392237186      -1.79560542       1.82484877    
 -0.543848872      0.947000623      0.525937319    
  -1.33068812       2.30445290      -1.58167742E-02
 -0.392073303       1.66007090      -2.70275903    
 -0.497305900     -0.536600530      -3.74402261    
  -1.11279500     -0.586767733      -2.55692410    
 -0.890966237      -2.14757752      -3.71505642    
   3.45893884      0.167489693      -3.52464223    
 -0.882888913      -3.38140774      -3.83615685    
  -2.20931363       1.21726596      0.414636761    
  -2.67830205     -0.620256364       1.08277082    
  -3.50226068      0.314828843       2.92518663    
 -0.768095195      -2.51877499       2.77582264    
   3.95257711      -1.03742135       1.24843371    
   1.50816226     -0.460831314      -2.78239536    
  -1.25561130      -1.44975853       2.09433222    
  -1.93874538      0.520063579      -3.11874008    
   2.53173971      -2.49494457      -4.01720381    
  -2.57742715      -4.17595768       2.73026586    
   3.77117825     -0.271557540      -3.27869272    
  -2.88071823       2.92936230       3.00122190    
  -1.68518841      -2.11132193      -2.53817749    
  -2.02971077      -2.06097555       1.09132457    
 -0.220864356       3.13857508       1.26094544    
   3.30435085       2.50519013       3.22572827    
  -2.42055416       3.83384752       1.85920322    
  -3.30363321       3.88155937       1.24685574    
  0.694297910      -4.13288069      -1.89918923    
   2.54936314      -1.46029925      0.673744321    
  -4.03920984       1.44165087      -2.70291901    
  -1.81055284       1.34450412      0.754873395    
  -3.70204711      -3.11554646       2.05052328    
   2.81550107E-03  -3.97574854       4.16394711    
  -4.21347427       1.69100404       2.19806838    
  -2.08547044      -1.43002212      0.618271291    
   4.17112684      -8.76087621E-02  0.518750131    
  0.902929723      -3.51556039      -2.05191255    
 -0.251146019       2.65857697       1.90591919    
   4.18338490      -3.68545747      -3.60780072    
   2.81019974     -0.740331113       1.37482274    
  -2.08699083     -0.143925861      0.953739226    
   1.55281734     -0.842991948      -2.45386124    
   3.47812891     -0.206373140       3.02338123    
   3.53694797      0.130638331       1.85734868    
  -1.80262721      -3.71636844      -1.04774570    
  -2.04496217      0.342874616      0.291408151    
  -3.97912979     -0.660274208     -0.650707483    
   1.26092768      -2.89337420     -0.952774763    
  0.881468773      0.339691430       1.74793148    
  -3.24693584       3.01075983      0.682649493    
  0.196343645     -0.208018348      -3.95443368    
   2.26431537       2.70221853      -3.76453996    
  -2.43760538       2.06388021      -1.61347222    
  -3.26645970       3.12388563      -1.19305277    
   3.46684074      -2.44130993      -1.19685352    
  -3.44178843       1.28877270       3.43336272    
   2.23887968       3.32997561       2.84513283    
   6.46472797E-02  -3.80666666E-02   3.49138305E-02
   2.27918077     -0.989614964      -3.46350384    
   3.61520696       1.76632154       2.81078243    
   2.55474782      0.756139278       2.67272925    
   1.86049342       4.22693157       3.70670509    
   1.62059474       1.87413037       1.13218594    
   3.27192616       2.21711516       1.56167150    
   3.07786703      -1.72204077       4.09742355    
  -3.41822958       1.15210378      -3.67699742    
  -2.77491927     -0.306868374     -0.516902149    
   2.58033824     -0.603515565       2.22700715    
   1.76776350      -2.15113688       3.40401053    
  -3.70461178      -4.09021521       3.79600000    
  -9.65630412E-02 -0.979189992      -3.54882407    
 -0.172709018      -2.54950023      -1.23693609    
 -0.582858801       3.44716549       3.70159388    
   2.08261967       3.96933007       3.21209025    
  -2.05097032       2.49242592      -3.57115340    
  -4.08864832      -1.40785265      -1.40162897    
   3.63719054E-02  -1.01074004       3.33670211    
  -2.02583170      -4.75919321E-02   2.03338861    
   1.00146270       1.50060546       1.99107814    
   3.10402846       1.34987676       3.41152334    
  -1.93499362       3.68078089      -3.05291033    
  -1.38867724     -0.219158456      -4.23174620    
  -2.27598596       3.88953447       3.27324128    
  0.479111582      -1.38041437      -2.65886378    
 -0.992991865       1.40866792       3.51333570    
 -0.741141319       4.14352226      -2.81842637    
  -3.18455267       7.12397099E-02 -0.217654869    
  -2.91788888     -0.112317607       2.60398436    
   4.13951397      -3.51828790       3.91135859    
   1.70988262     -0.162477732     -0.490545541    
  -4.03235674      -2.19163275      -3.24634290    
  -4.20638180      -2.02382946      0.826258242    
  -3.97138286     -0.187562838      -1.91643167    
  -3.58395934      -3.59001327       3.04587555    
  0.609991193      -3.52550840      0.583983541    
   1.02011263       2.02631402       4.14946747    
  -1.72275388      -3.78073549       3.87139034    
   2.99533701      -3.77830672       3.99652314    
 -0.110774063     -0.288617939      -3.59362173    
   2.43755627      -1.49588978       1.86206329    
   1.92684054      0.155640513      -1.57339275    
   3.47591281       2.38960481     -0.162022546    
  -4.06839848      -2.98507142       3.17540932    
 -0.368354738      -2.56425548       1.29550874    
   2.57279801      -2.24335504     -0.120983601    
  -2.32513499      -3.24433208       2.83019400    
 -0.390756339       3.31839800      -2.91906261    
  -2.64292407      -2.95198846      0.879007339    
   3.63714838       3.96786189      -3.21614790    
  -2.83326435       3.07333970       2.10859990    
   3.75099945      -1.77782834      -2.39241314    
   1.43569207       3.61324668       1.05532134    
   1.49354112      -4.22386169      0.832935154    
   2.75976753       3.76211286      0.271601021    
 -0.978354514       1.46602941      -5.27748391E-02
  -3.24315381      -3.99107456      -2.13861656    
  -1.95664978       2.70341349      -3.99764276    
   2.02331209       2.83848834      -2.76538706    
   2.49970126      0.543752313      -4.12827209E-02
  -1.57758091E-02  -2.11015201     -0.580311835    
  -2.81263304      -1.47252071      -4.10026073    
  -2.68598342     -0.423386723       3.96580434    
  -2.36929035     -0.673905611       1.49953270    
  -2.12677193       2.38399148       2.79768658    
  -2.86997318       3.56883907      -2.61787891    
   2.52537799       4.10635853       3.25989866    
   1.67964995       2.58782077       2.64521766    
 -0.982477844       1.16150212      -2.23196650    
   2.55020976       1.78623235      -4.19707537    
  -2.38232756       3.38783813      0.838369906    
 -0.779228210      -3.39152169      -3.34953189    
  0.619454741      -2.21765590       1.27535212    
   3.41028070     -0.252647609      0.644819021    
   2.19674468     -0.741260171       4.23217249    
  0.507552326      -2.41694617      -3.60515285    
  -2.93616462     -0.352815598       3.34112287    
   1.00708759       1.17656231       3.52282500    
  -1.17558062       3.51617694      -2.94976354    
   4.02657413     -0.721534967       2.05194092    
  -3.98444319     -0.125018969       3.49233603    
   3.41482186       3.56503630      0.170393199    
   1.99719775       2.77031088       1.72741842    
   1.47523916      -3.59281039     -0.272882074    
   4.18116522      0.717120290      0.541640282    
  0.721646726     -0.970643878       2.65976453    
 -0.700214684      -1.41178441      0.301669270    
   3.62660003       2.07268572      -1.74085104    
  0.591354847      -1.60861146     -0.258926451    
  -2.93703341      0.822950661     -0.955834508    
  -2.62930226      -3.38967776      -4.17946863    
 -0.695566833      0.614312291       7.82969221E-02
   1.62452185       1.13991535       4.00005579    
   3.99542308       1.99139726       3.61603856    
  -3.69096923      -2.45897675      -2.06206656    
   1.58912659       2.03124809      0.248676464    
  0.625111520       1.05985081      -2.71015120    
   1.04863930      -1.56430745       1.50024986    
   3.05785574E-02  -2.46330690      -2.14582133    
 -0.491962165      0.810251355       1.56921220    
   1.58278096       1.32870208E-02   3.94293094    
  -2.56564617      0.996001601       3.53129530    
   2.80326200     -0.709853232      -4.03835917    
   3.42220426      -3.95103550     -0.126178652    
  -3.13187194      -2.85101914       1.29866111    
 -0.841906607      -3.68923736      -2.13615513    
   1.20279646       1.09281290      -2.12820172    
  -3.13118219      -2.71604466      0.989798069    
 -0.790511966       2.56460547      -2.46860433    
  -3.43202949      -1.35312307       3.40251970    
  -3.55633688       1.51419687       1.33972731E-03
   3.43183184      -3.71235013       1.89319813    
  -1.41621923      0.769544184      -3.72115064    
  -3.86112523      0.693672776     -0.573637486    
  -3.40492201       3.88405728       2.30872107    
  -2.99245691       1.89016771       4.21238995    
  -1.49711728      -3.73469877      -4.11255789    
   3.36777568       2.81707335       2.15658021    
  -1.32536972      -1.72281814      0.363829792    
  -1.15123498      -3.49227571     -0.486368567    
   4.11637545       4.18214130       3.64423347    
  0.111923628      -3.53209329      -1.01895797    
   4.22638559      -2.59636688      -3.16838837    
   2.14936471       2.20976973      -3.43461180    
  0.889582515      -3.48843265       3.48685169    
   3.78223848       1.85994923       4.39181738E-02
