  -3.93583989      -4.36010170     -0.538034379    
  -3.95129251       2.07898736       3.48773742    
  -4.49749517     -0.582504213       1.34041488    
  -1.98808038       3.93811679       4.12166882    
   3.27798533      -2.15750694      -3.91983604    
  -3.69079733       1.70136929      -1.56958755E-02
   2.30387044       2.92731977       4.65212059    
  -1.33726358       3.71610236     -0.436844647    
   3.65075111       1.71382546      -6.80195987E-02
 -0.391977847      -3.07739139      -2.89363551    
  -2.92083788       1.22916865      0.947747707    
   1.32306409      0.603364110      -2.02506590    
  0.326461196      -3.58858919       4.37005377    
   1.73062563       2.72343063       2.31424689    
  -2.63403392       1.17988932     -0.495467752    
   2.97813058      -4.42886734      -3.09492874    
   1.74120164       3.93045330       4.18725157    
  -1.52076352      -3.62802339      -2.68833899    
   2.35632825      -2.47084761       2.05384731    
  -3.46113396       4.23891020      -3.19447947    
  0.971431077       3.71127915      0.738280475    
  0.842990279       3.18044949       3.31533647    
   2.21847391       1.64229691     -0.471729726    
  -2.80242705       1.73962724      -1.25305843    
   3.79930282      -4.01112366      -3.21286011    
   1.02602589      -1.73860645      -2.33427954    
   1.29787207      -2.49465609      -3.28781962    
  -3.31023097     -0.829693675       1.77815735    
  -2.26043773      0.352524519      -4.61399364    
   5.35413437E-02   4.57337713      0.841908157    
   4.32215071      0.372492492       4.24534369    
   1.70383680      -4.28070164      -2.32962298    
  -4.37964296       3.30373287       1.23578811    
 -0.262516379       3.80635381      -2.69139004    
  -2.22386122      0.125232041      -1.34589791    
   1.90014875      0.521309376      -2.93345857    
   2.69541430       2.12092638       2.43011713    
  -2.21952891       2.78087139       4.52560472    
  -3.45406055       3.74068427       1.87027729    
  -1.64349520      -2.18928671       4.03733635    
   1.57761633       2.95828080      -3.76528215    
  -4.73509550      -2.37213039      0.702377558    
  -1.55199337      -1.05142200      -1.34925151    
   3.16153383       2.82788658     -0.862052917    
   1.90215921      -4.60102224       3.46783757    
  -4.09510279      -2.70918059      -4.65622044    
  -3.24497604       2.57955241       3.96344280    
  -3.18238616      -4.36953688       3.65473676    
  -1.66106915       3.55602694       3.12395430    
   4.56517839      -1.36517441      -1.23666120    
  0.145920128     -0.719159544      -2.72331214    
  -1.40925729       3.26694989      -1.90942037    
  -1.26413047       2.11469674       3.49345088    
   1.69837844       2.23735499      0.963251114    
  -2.68826747       3.17872837E-02   2.34502959    
 -0.464440614       3.99734664      -1.15578938    
   2.83376455      -3.08131099      -3.66031694    
  -3.12538242       1.30195880      -2.70617723    
  0.529777586      -1.45224798       2.65854788    
   2.66277337       4.40318775      -1.37003899    
   3.04987454      0.516674101       4.01785564    
  -4.60837173       1.55891478       4.21011639    
  -2.15698695      0.367455512       1.03512084    
   3.72301626       1.56405962      -1.64033258    
  -2.46351361       2.21740127      -2.17215562    
 -0.893228292      -1.11014640      -3.48130345    
 -0.520441651       1.45747983      -3.19002080    
 -0.504001141       2.09695578       1.61573911    
  -1.43030906       3.92779970       2.11668324    
  -1.29229677       1.72801268      -1.75416839    
 -0.624719143      -2.78547406       3.34137630    
  -1.23660910      -3.63432002      0.112595588    
  -1.18997908      -4.49887657     -0.819711626    
 -0.891054571      -4.63831186      -3.54676580    
 -0.524303734     -0.407494128       4.30684471    
 -0.282574356       4.13659954      -4.60433340    
 -0.539501488       1.90024376     -0.820211768    
   3.19945335       3.07609820       4.32142544    
   4.38824558     -0.207876563      -4.04626131    
   4.03293324      -1.74011374      -2.63630104    
  0.311485171      -3.68706536       1.64043581    
 -0.533223569       3.09441257       2.52545524    
 -0.895687222      -1.63416243       1.90851820    
   2.04791379     -0.334678918       1.70137894    
   4.07192135      -1.39282143       4.04519749    
  -2.72137713      -3.63123202       2.10022998    
   1.76403451       1.72591197      -3.49436140    
  0.328402132      0.702404320       3.85799551    
  -1.12094402       4.48559427       3.31085443    
  -3.96785808      -1.79039335       1.53477216    
   2.26724958      -1.64585853      -3.06936407    
   9.24704671E-02  -2.52729654      -1.87397504    
   1.35243726     -0.475632221      -1.48139524    
  -2.42813778       4.38031054       1.99353206    
 -0.399459034       2.65893579      -4.36892557    
  -4.13666582      -1.36002266       4.67709541    
   1.46264315       1.25341105      0.670121610    
   1.10711670       4.11116743      -2.92683887    
   3.32114673      -4.40495300       2.82346272    
   1.55375671       4.24139786      -1.42331386    
   3.05181575      -1.20623231       1.71843064    
 -0.677688420      -3.64965582       1.38922763    
  -4.49709129      0.956969023       1.27215278    
   3.20520067     -0.731793046      -3.27371073    
   3.92514253     -0.307530850       3.21932173    
  -2.15757465     -0.950800896      -3.54684925    
   3.15970111      -1.28409874      -1.95751071    
  -1.93995452       2.32774711      -3.23242354    
   2.82175446     -0.149866059      -4.01487637    
   2.47257924       4.00150824      -3.69970775    
   3.46287608       3.91088867       3.53430128    
  -3.61163640      -1.64596665      -1.93930447    
  -1.55301821      -2.83909965       2.24073696    
  -2.52782798       1.28348017      -3.71360135    
  0.761741161      -1.16928566       1.86504912    
   2.59937644      -1.64495718      -4.06226206    
  -2.09524059      0.796358466      -2.07117963    
   4.57092333       2.96582246      -1.77119803    
  -2.72867513     -0.151053518      -2.30674171    
  -1.28852463     -0.175708920      -4.38097143    
 -0.515823960      0.760562241       1.22902203    
  -2.88027954      -3.44717479      -1.97210455    
  0.676461518       3.30378819      -2.11748433    
   2.39945722       2.21523142      -2.65646315    
  -3.77020979      0.388884246       3.84649970E-02
 -0.599224985      -4.31959486      -1.85126197    
  -3.18369603      -3.98752594      0.907326937    
 -0.531513631      -4.23719358       4.29906416    
   1.44472075       1.43870413       2.18160796    
   4.10700464       1.48963368       1.86405861    
  0.536976337      0.946966290       1.58232880    
  -3.01277208       2.30183816       1.09949160    
  0.734254539     -0.208252743       1.19073153    
  0.232488811      -1.90977836      0.829000056    
   9.31437090E-02  -1.21622372      -3.94867373    
  -3.93971419      -3.24481130       2.51238966    
   1.19107556       2.63774586      -2.83785033    
  -4.49081135     -0.795819998       2.73716116    
 -0.731860399      -1.67285275       3.13713050    
  -3.09050155      -3.85635519      -4.28513908    
  -4.61363983      0.787974179       3.53478050    
   2.29469657      -3.00617552      -2.44859767    
   2.37123418      0.812153578       1.26797950    
   1.06441724      -3.79041457      -1.65350854    
   2.49117017     -0.342814565       6.85385764E-02
  -2.12979507       4.48179770      -1.17503572    
  -3.41198373       4.58361292       1.52943190E-02
  -3.41654539     -0.825241625      -4.43697548    
   2.47921395       3.60009384       1.22708642    
  -4.11416817     -0.716729760      -1.80985296    
   3.99949145       2.68319511       2.21293020    
 -0.704681754      -4.73098421       1.93383503    
  -4.52713156      -3.60680151      0.619704902    
  -1.08079791      -2.46661687      -3.99147511    
  -2.46739721      -2.96128774     -0.493415654    
  -2.59539843      -1.79374480      -1.13432133    
   3.78699446      -4.67379284       2.02316618    
  0.936231971      -1.76617944      -4.52162075    
   4.27197123      0.277924627      0.637837350    
  -2.83102846      -3.08885074       4.27545881    
  -3.09402347       2.90329337      -3.46982765    
   1.62428248     -0.908514738      0.696849942    
   3.85791421      -3.05673695      0.316719115    
  -1.92990768      -4.54974270       1.10753250    
  0.718552113       4.47039223       1.82310271    
  -4.52851439      -4.05132437      -1.37173450    
   2.84329605       3.73323226     -0.493279666    
   6.92719594E-02  -1.79190874     -0.825402558    
   1.05537224      -2.48957419       1.69088495    
  -3.47567964      -1.98500824      0.618079782    
 -0.500742078       3.45578623       1.17781818    
   1.75539327       1.08408248       4.01258326    
  -3.02348518      -2.12872314       2.72403240    
  -3.27386212       1.45655489       4.56278515    
   2.29087710       1.09769368       3.11211991    
  -3.68205500       2.33084869     -0.950598598    
  0.675210834      -4.48691940      -4.42393446    
   1.59227741      -4.10872269       2.31747985    
   1.43968809      -3.45479965     -0.188930556    
  -3.12997842      -3.96778941      -1.13989711    
   4.02467775       4.55513620      0.705192983    
  -1.17386997     -0.372192174      0.990972459    
   1.80538797      -1.67216361      -1.87859392    
  -8.85673836E-02  -3.77953124     -0.980604231    
   1.72942472      -2.82178926      -4.44371557    
  0.489061445       3.97507215      -3.80787468    
   1.05191302       2.39091706       4.35788679    
  -3.17889595      -1.29971802      -2.81825161    
  -2.15770054      0.483227700       3.39229631    
  -1.71543944       3.78702402      0.728199959    
  0.884701431       3.37207174      -4.67668104    
   2.76321006      -2.92364788       4.41477537    
  -2.74745655       2.64056039      0.231609434    
   2.53055382      -4.06706381      -4.22242260    
  -2.54328156      -4.70785713       4.50309372    
   4.26768064       3.85329580       2.67439222    
  -4.14394045       2.71090245      -4.50489473    
  -1.59365427       3.47603297      -3.40632129    
   5.13024963E-02 -0.758505166      0.674514532    
  -4.65922022       3.08193874       3.98285317    
   2.29407310       1.51485753      -4.50632334    
  0.396211088       3.22831559       1.89871252    
   1.05652463       1.27936292     -0.432997227    
  -4.14673185     -0.520711184      -3.15952182    
   1.95856726      -4.17054939     -0.820775807    
   3.12680268      -4.52404690      -7.98343271E-02
   4.62581158       1.77610314      -2.58937645    
  -2.21365762       4.65791512      -3.67355919    
  -1.35638928       1.92476392      -4.27868891    
   2.01116705      -1.18261671     -0.414572299    
  -2.24526954      -4.57132959       7.60434382E-03
 -0.580099940       2.76030183      -1.27172005    
 -0.295390397      -2.86753058     -0.640349030    
 -0.679938018      0.670815408      -2.39872384    
  -4.55957460       4.58830595       1.61726880    
  0.505147278       2.45607615      0.181459472    
  -4.52367020     -0.124160081     -0.745573223    
  -2.42281747       3.74188042     -0.350148141    
  -4.40954065      -3.36373878       1.68081594    
   2.76473069      -3.51070571       1.96954846    
   4.51037073      0.542317331      -2.02134657    
  -1.30230105       1.07055318     -0.694557905    
 -0.831270576      -3.03141904      0.710882306    
  0.375361294      -3.60999219E-02 -0.465327501    
 -0.405769408     -0.629826307       1.95360255    
   3.92175984      -3.10856056       2.55714726    
   3.49933910      0.369823903      -2.61028242    
   2.61586213      0.460453063      -1.62385714    
  -4.29207850       3.30527949       2.78648257    
  -9.16350409E-02   1.20376074       2.88379526    
  -3.17639875      -1.79641545       4.00620508    
  -2.86138058       1.38330352       2.43077755    
  0.760148466      -3.40659261      -2.43421125    
   4.11556864       2.88003039      -4.45688629    
  -2.73330832       3.30924129      -1.37583101    
   1.73008788      0.235141262     -0.804072917    
   5.15772216E-03 -0.875558019      -1.56519473    
  -3.42275763      0.336608529       1.28987503    
  0.547644556      0.202262238      -3.35791445    
   4.28543711      0.656755984       2.33501625    
   1.78079629      -3.70280647      -3.43860912    
  -2.72194362      -3.12196350       3.30789900    
   3.08950067      0.592318773       2.32141948    
   3.51421881      -4.47133875      -1.83324969    
  0.678430140      -4.36386776      0.211620137    
  -1.11137891       4.53764772      -4.45122004    
  -3.65227079      -2.59503388     -0.947058916    
   3.28132796       3.50261450      0.530887008    
   3.23554683      -9.41394791E-02   1.02753639    
  -2.06751871      -3.44666624      0.793889344    
   4.29113722       3.51782465       6.88484013E-02
  -2.53541207       3.64116955      -2.54556966    
  0.677307785       2.36744142     -0.898700237    
   1.88475633       2.78849721       2.57574078E-02
  -4.48319626      -3.96173787       4.49493265    
  -3.55621910       2.87023854      -2.27913880    
  -2.56215525      -2.16363239      0.118030719    
  0.254863173       1.07079542      0.144108266    
   2.80647755      -4.46471882       4.10433245    
   4.19458246     -0.549438834      -2.38984871    
  -1.65211451       1.17429101      -3.27955008    
   1.25523472       1.81044900      -1.92140257    
   1.84167147       8.78600329E-02   3.79245996    
  -9.46782902E-02  -2.48776674      -4.36413431    
  -2.92851758     -0.768973172      -1.08641028    
  -2.00821686      -1.25804329      -2.39069891    
 -0.184311226       2.52956104       3.56876993    
 -0.827461064       2.57448673      -2.67199326    
  -1.01945925     -0.464009285      -2.40474486    
  0.613558769      -4.69832516       3.59200811    
  0.892395854      -2.93539000       3.91001987    
  -4.35977888       3.73440838      -2.88308978    
  -1.24314892      -3.03116608       4.34905243    
  -4.19517326       2.13035893      0.899179578    
  -3.02817774       2.29422665      -4.03587675    
   3.88482094      -4.37796545      -4.34813118    
  -3.25040960      -1.97448039      -3.93109250    
  -1.50555223E-02   1.75131106       4.52182913    
 -0.832649946       4.71190929      0.271677792    
   1.81636465       2.77104616      -1.27967846    
  -3.86001134       2.07479119      -1.96328700    
  -2.15211606     -0.811337113       4.67869997    
  -3.67920470      -3.18400145      0.116986603    
   4.63780928      -3.89429808       2.95340896    
  -2.67861819       2.33585089E-02 -0.132096350    
  -4.38885355       4.55688190      0.330072105    
  -3.96273184       3.17751169       8.21876079E-02
  -3.88395977      0.686989188      -2.03783774    
  -3.02473807      -2.48705186E-02  -3.47010493    
   1.86370730      -1.52595580       2.24357462    
  -1.98625004      -4.51277018       3.17771626    
  0.171747014      -3.78814220       2.68562627    
  0.768031120     -0.137388036      -4.66843605    
  -4.19732189      -4.03332281      -2.66715217    
  0.145331696      -1.93542302      -2.85040617    
  0.181570426       2.05629516      -2.32092667    
  -1.54330099      -2.15577912      -3.08683157    
   2.80317616      -4.72282743       1.26463032    
  -3.64540853E-02   3.69609547       4.04336309    
  -3.59083223      -4.60803270       1.54483962    
  -3.77546620       1.22822332       2.36828303    
 -0.584569812      -3.63305974      -4.10360718    
 -0.832152545      -1.53412306      -2.02828932    
  -2.75812507      -2.54939222      -2.90565538    
 -0.884576619      0.343253344       2.10440469    
  -1.28210545       3.22303152      -4.02942514    
   3.95053530       2.90356541      -3.10719395    
  -1.43506896      -2.30492711     -0.855623007    
  -3.04826427      -2.71280575       1.54663813    
   3.24266958      -2.37011528       2.64728975    
  -4.09808016       4.37559795       3.72604346    
   3.06347275       4.18110037      -4.42562294    
   2.33722305       4.04044580      -2.56520128    
   1.26530755       4.05731392       2.85167050    
 -0.921260476      -2.87357306      -1.80049050    
  0.565314651       1.90479422      -3.83410931    
  -1.14296150       1.08539796       4.41221809    
  0.984905124       1.04895175      -4.58937550    
 -0.744818091      -1.48572481       4.59594631    
  -1.86493933      -3.32884216       3.37328982    
   3.81077981      -9.28556249E-02  -1.29283750    
   1.54586816       3.48103237       1.45408487    
  -1.98182738       4.70167780      -2.24247074    
   4.31791496       4.08544445      -4.56622505    
  -2.94559288       3.67708826       3.24159026    
   3.44187069      0.721753955     -0.687583029    
 -0.492998302      -1.05728352     -0.298959881    
   1.58257866      0.316080928       2.27614570    
  -4.10335350      0.610078573      -4.22719336    
   1.21404505      -4.40710402      -3.47560763    
  0.321671098      0.192092836      -1.75607252    
 -0.576739013      -3.88382721       3.15193987    
   3.00175548      -1.33382809       3.08533359    
   3.40683889      -2.01683664     -0.914407730    
  -4.37403202       3.93666363      -4.18875313    
  -3.66235590      0.450827688      -1.13602865    
   3.53687286       3.98215818      -2.30248809    
   3.88552117     -0.775660038      -4.49193859    
  -3.95756173      -2.98231983      -1.97040224    
  -1.54880702     -0.377536923     -0.275309294    
   3.44296980       1.82324004      -2.83828497    
  -4.17795944       4.09219551      -1.69396818    
   3.93279672       4.14417410      -3.38405585    
  -1.88909709       1.63330519       1.48445737    
   1.51864100      -1.08134115      -3.60816836    
   3.31643462      0.726495922      -4.53518486    
   4.46060419      -2.88893747       3.76028347    
  -1.73106277      0.921002150       2.26386261    
  -2.23044991     -0.984875679       1.11535966    
   3.50601840       1.05651832       1.00571978    
  -2.31633520       1.60237288       3.40867543    
  -4.73758364      -2.84040046     -0.768045247    
   2.05952907      -1.83829761       4.47269249    
  -2.21636605      -2.52776361      -2.08983088    
   4.72887421      -1.31588626      -3.56235075    
  -3.45228052      0.288628668      -4.67657137    
  -1.12797534       4.21618509      -2.46049094    
  -3.88977885      -3.50299406       3.81762362    
   2.17672110     -0.850204647       4.68598890    
  -4.44694042       2.73073173      -3.31019235    
   1.72430491      -1.26016688       3.43025589    
  -3.80126929       3.62677193     -0.959215105    
   2.90578866     -0.856974840      -1.14029098    
   2.87324166       2.26701760      0.325405061    
 -0.854358077     -0.100062408      -1.18351233    
   2.46406245       3.19078541      -2.06006813    
  -3.66317987      -3.16588020      -3.43217897    
   3.18785405       3.48200107       2.27028966    
  -2.93495297      -4.10102797      -2.89805126    
  0.708565354       1.05394995      -2.85537314    
   1.47907805     -0.576474488      -2.86524844    
   4.05672503       2.40465975      0.745341420    
  -4.46172953     -0.728667259      0.306136966    
  -4.25657272     -0.458896279       3.94930029    
  -1.51698160      -8.12139735E-03  -3.15918803    
  -3.99651003      0.226160094       2.46712923    
   1.94250810      -2.37463403       3.47527885    
  0.238011703      -2.09624362       3.92708039    
   1.49196875      -3.55694652       2.93372011    
   3.75385547      -3.72103119       1.24622285    
 -0.712166905      0.927872777      -4.19175625    
   4.17464733       3.89447236      -1.20343733    
   2.37968016     -0.544965863      -2.12406158    
  -4.69606972       1.56361961      -1.10979199    
  0.108542286       2.74187088      -3.33178735    
 -0.721132576       2.95712447      0.234247729    
 -0.181341693      -1.14945769E-02  -3.82346892    
   2.56669927      -3.72046471      0.824872553    
   4.43931675      -2.04070282      -4.51622725    
  0.124748155       3.64673853     -0.233615726    
  -4.08644390       2.40640211       1.83417082    
   3.59087873       1.20597923       2.98160839    
   3.02726841     -0.764405310       4.11593390    
   3.84024072       1.60998762       4.34451056    
   2.84150934       2.05648804       1.61950672    
 -0.563032269      0.451266259      0.157269269    
   4.32580900      -2.40748286       1.68515933    
  0.534067571      -3.10323620      -3.91588640    
   2.05612462E-02   1.18373859      -1.35838783    
  -2.34900999      -2.81498742      -4.15198278    
   4.00092173       3.56761575       1.33496225    
 -0.823574841       1.88575387      0.534757435    
   1.31765485       7.17340857E-02  0.438339293    
   2.65330744      0.999447763      -3.16644049    
  -3.37254333      -1.18312478       2.92042184    
   2.40336871       3.51201081       3.26809144    
   4.17551327       4.65026903     -0.591569960    
  -1.71541715     -0.572681904       2.30687785    
 -0.734520733      -1.89756739      0.546499968    
   2.94159389       1.99325061       3.76010823    
   4.55295181      -2.13328409      -1.89001226    
   2.55368090     -0.326073766       2.76554275    
  -1.87384629      -3.74292493      -1.31892157    
   3.51775169       2.71467638      -1.69951940    
   2.50395703       1.54393661      -1.46902359    
   4.62595654       1.75315797      -4.03389597    
  -3.70660138      -4.65851879      -4.43188143    
  0.701789975      -2.76432228       2.78197289    
  -2.73840213       3.74372888      -4.19462824    
  -3.86060524      -1.50504553     -0.480830014    
   1.54025984      -3.73685575       4.26187420    
   2.45696616      -2.36023784     -0.476105303    
  -4.71958780       1.96876419       2.73721528    
  -3.20959568       4.54597473      -1.93929148    
   2.38819265       4.39029980       2.35736632    
   2.67936063      -3.77786684      -1.81030345    
   4.12634659      -3.36625481      -2.33002067    
   3.45366383      -2.41397333       4.03740120    
  -5.84838539E-02  -4.18660975      -2.98210263    
  -3.16614008      -4.40981054       2.72017956    
   4.02264357     -0.558678865       1.90389824    
   1.42563903       3.63319802     -0.223486468    
   1.76446009      0.265041590      -4.19828987    
 -0.310514063      -2.51953006       1.86856246    
  0.649997294       3.60549712      -1.20748162    
  -1.97119021       2.39529920     -0.771562040    
  -2.26141596       2.70478821       2.90984702    
   3.01725674      -1.40524781      0.369875997    
   4.06076860       4.69156837       3.89607620    
   3.18472672      -2.44279122       1.22204077    
   1.43899739      -3.38882565       1.02706444    
  -1.19467580       1.70973241       2.54416084    
   3.18569446       2.08622241      -4.26828051    
 -0.855941832      0.565905690       3.47276521    
   1.01078284      -1.29033363     -0.661348283    
   4.70203447       1.10160470     -0.243530840    
  -1.67036021      -1.56943023       5.87135479E-02
  -1.59722471       2.29328156      0.383383244    
   4.58657026       4.61845827      -2.29066324    
  0.801321805       1.58349299       3.36631370    
  -2.25510073       2.93018293       1.72682703    
  0.469610453      0.245863378       2.58902335    
   4.19324398      -1.82401860     -0.172767520    
  -4.19748497      -2.05105424       2.64720035    
  -2.00282574      -1.70488727       3.13134170    
   4.05859709      -1.56304038       2.70401859    
   4.48866320      -2.95024061      -3.40717554    
   3.98943591      0.815018415      -3.48672581    
   3.81395864       2.59817266       3.38459206    
  -3.41240835      0.587276399       3.53441930    
  -1.85287786      -2.27876353       1.22284150    
   4.04757929      -3.21422958      -4.39863300    
  -1.64104795     -0.722251892       3.57988048    
  0.985520661      -2.23246408      -4.30368595E-02
   1.12307596      -2.62565756      -1.20435536    
 -0.309705615     -0.660138011       3.23677683    
  0.562019527       2.11079764       1.13132858    
  0.660822153     -0.929904222       4.06382036    
   1.78873563       2.38902187       3.54018140    
  -1.11828589       3.15074754       4.09977627    
  -4.16581535      -2.08618450      -3.04093409    
  -2.26096797      -1.57083249       1.89075184    
  -3.15495515     -0.897744238      0.339100063    
   4.43798780       2.62970972     -0.329312444    
   2.86275029      -3.55515027     -0.559220731    
  -4.24862576      -1.99937797       3.51101303    
  -3.27712774       2.68010426       2.69379497    
   1.63367736      -1.99493408      0.878768742    
   2.55882716      0.674903333      0.120872892    
  -3.83264947       1.53335774      -3.52923179    
   2.35017252      -2.61456227      -1.41252542    
  -1.80068898       1.02873874      0.273120165    
  0.462457329      -4.52085066     -0.779149115    
   4.16405344      -1.43914366      0.987841785    
  -1.53681040      -3.97796893       2.09010315    
   3.53728485      -3.73469377       3.93639493    
   1.11274445     -0.325921714       3.12137341    
  -2.23014736      -1.77825963      -4.38884068    
  -3.62103271       3.67520905       4.32232761    
   2.64557338      -3.39784122       3.16926265    
  -2.91452837     -0.444008648       3.67214513    
   4.34309673      -3.63511562     -0.414698005    
  0.264014602      -3.28664589      0.338550985    
  -1.85369945      -3.59124160      -3.48503780    
  -1.33690453       2.72980189       1.64419508    
  -4.37272501      -4.73528576       2.84416032    
  -4.31010103      0.506343424      -2.98466468    
  -2.21012282       1.47367024       4.55322933    
   1.64531624      -4.48335457       1.09275627    
   3.04742193       2.93817091      -3.56064534    
   1.85339248       4.46379519       9.43963602E-02
  -3.01615644       3.82925868      0.735856116    
  -1.36074368E-02   4.17982435       2.80997705    
   3.70877123      -3.12033105      -1.27718937    
   3.81830812     -0.503038883     -0.277182519    
   2.46366453      -2.53824568      0.492696822    
  0.619905472       2.20654798       2.54674721    
   3.34544802      -2.35206723      -2.55621696    
   1.79773712       4.62184763      -4.51006699    
  0.226630419       4.71163940      -2.02769971    
  -1.74422932      -4.10711861      -4.71101475    
  -4.38609600      -4.21177483      -3.52826738    
