   5.00000007E-02   0.00000000    
  0.150000006       0.00000000    
  0.250000000       0.00000000    
  0.350000024       0.00000000    
  0.450000018       0.00000000    
  0.550000012       4.26991057E-04
  0.650000036       1.83572492E-03
  0.750000000       1.77037064E-02
  0.850000024       9.02466103E-02
  0.950000048      0.336084664    
   1.04999995      0.814923346    
   1.14999998       1.36828589    
   1.25000000       1.65598607    
   1.35000002       1.58003235    
   1.44999993       1.34136987    
   1.54999995       1.09126055    
   1.64999998      0.920801461    
   1.75000000      0.820841849    
   1.85000002      0.784312129    
   1.94999993      0.813391745    
   2.04999995      0.863742352    
   2.15000010      0.948350072    
   2.25000000       1.02627480    
   2.34999990       1.08079934    
   2.45000005       1.10609710    
   2.54999995       1.09588099    
   2.65000010       1.05905688    
   2.75000000       1.01718068    
   2.84999990      0.984671891    
   2.95000005      0.956345916    
   3.04999995      0.956815183    
   3.15000010      0.951253176    
   3.25000000      0.968010008    
   3.34999990      0.990550041    
   3.45000005       1.01083803    
   3.54999995       1.02173138    
   3.65000010       1.03147364    
   3.75000000       1.02368116    
   3.84999990       1.01373112    
   3.95000005      0.998798490    
   4.05000019      0.991192639    
   4.15000010      0.990176380    
   4.25000048      0.986514449    
   4.35000038      0.988859296    
   4.45000029      0.995284557    
   4.55000019      0.993613958    
   4.65000010       1.00795019    
