  0.399999976      0.345656484    
  0.799999952      0.334982961    
   1.19999993      0.331063539    
   1.59999990      0.329306662    
   1.99999988      0.328429550    
   2.39999986      0.327703089    
   2.79999971      0.327911764    
   3.19999981      0.327150941    
   3.59999990      0.326846868    
   3.99999976      0.326645404    
   4.39999962      0.326937109    
   4.79999971      0.327435613    
   5.19999981      0.327045113    
   5.59999943      0.326155275    
   5.99999952      0.325412214    
   6.39999962      0.324777395    
   6.79999971      0.323719323    
   7.19999981      0.322761863    
   7.59999943      0.322095543    
   7.99999952      0.321221262    
   8.39999962      0.320360124    
   8.79999924      0.319660604    
   9.19999981      0.319035798    
   9.59999943      0.318357974    
   9.99999905      0.317525655    
   10.3999996      0.316002309    
   10.7999992      0.314222604    
   11.1999989      0.312006623    
   11.5999994      0.310042053    
   11.9999990      0.308648080    
   12.3999996      0.307797551    
   12.7999992      0.306714892    
   13.1999989      0.306213319    
   13.5999994      0.306077868    
   13.9999990      0.305954129    
   14.3999996      0.305930942    
   14.7999992      0.305711538    
   15.1999989      0.306370318    
   15.5999994      0.305516094    
