  0.399999976      0.138262585    
  0.799999952      0.267986357    
   1.19999993      0.397276223    
   1.59999990      0.526890635    
   1.99999988      0.656859040    
   2.39999986      0.786487341    
   2.79999971      0.918152809    
   3.19999981       1.04688299    
   3.59999990       1.17664874    
   3.99999976       1.30658150    
   4.39999962       1.43852317    
   4.79999971       1.57169092    
   5.19999981       1.70063460    
   5.59999943       1.82646942    
   5.99999952       1.95247316    
   6.39999962       2.07857513    
   6.79999971       2.20129132    
   7.19999981       2.32388544    
   7.59999943       2.44792604    
   7.99999952       2.56976986    
   8.39999962       2.69102502    
   8.79999924       2.81301308    
   9.19999981       2.93512940    
   9.59999943       3.05623627    
   9.99999905       3.17525625    
   10.3999996       3.28642392    
   10.7999992       3.39360404    
   11.1999989       3.49447393    
   11.5999994       3.59648752    
   11.9999990       3.70377660    
   12.3999996       3.81668949    
   12.7999992       3.92595029    
   13.1999989       4.04201555    
   13.5999994       4.16265869    
   13.9999990       4.28335762    
   14.3999996       4.40540552    
   14.7999992       4.52453041    
   15.1999989       4.65682840    
   15.5999994       4.76605082    
