 NUMERO DE PARTICULAS
         216
 CONCENTRACION REDUCIDA
  0.800000012    
 NUMERO DE CICLOS
      100000
 MONITOREO EN PANTALLA (CADA CAUNTOS CICLOS)
        1000
 NUMERO DE PASOS PARA GUARDAR CONFIGURACION
         100
 FRECUENCIA DE CORRECCION EN DESPLAZAMIENTO
         100
 =============================================================================
 LONGITUD DE LA CELDA:   6.46330452    
 TOTAL DE PARTICULAS COLOCADAS EN LA CELDA:         216
 CONFIGURACION INICIAL LISTA
 ENERGIA DE LA CONFIGURACION INICIAL:   0.00000000    
 =============================================================================
 |CONFIG||ENERGIA PARTICULA||RATIO||DR|
        1000   0.00000000      0.507731497       7.31420815E-02
        2000   0.00000000      0.487175912       7.22323507E-02
        3000   0.00000000      0.493009269       7.13339299E-02
        4000   0.00000000      0.500787020       7.78621137E-02
        5000   0.00000000      0.480370373       6.95704520E-02
        6000   0.00000000      0.515648127       7.59372488E-02
        7000   0.00000000      0.507222235       7.49927461E-02
        8000   0.00000000      0.518425941       7.40599856E-02
        9000   0.00000000      0.521342576       7.31388256E-02
       10000   0.00000000      0.489629626       7.22291395E-02
       11000   0.00000000      0.512175918       7.88392499E-02
       12000   0.00000000      0.495185196       7.04435483E-02
       13000   0.00000000      0.498564810       6.95673600E-02
       14000   0.00000000      0.513148129       7.59338811E-02
       15000   0.00000000      0.508425951       7.49894157E-02
       16000   0.00000000      0.496666670       6.70036823E-02
       17000   0.00000000      0.493240744       7.31355771E-02
       18000   0.00000000      0.505277753       7.98286274E-02
       19000   0.00000000      0.501759231       7.88357258E-02
       20000   0.00000000      0.484305561       7.04403967E-02
       21000   0.00000000      0.498009264       6.95642531E-02
       22000   0.00000000      0.496064812       6.86990172E-02
       23000   0.00000000      0.520462990       7.49860778E-02
       24000   0.00000000      0.521481454       7.40534067E-02
       25000   0.00000000      0.482962966       7.31323361E-02
       26000   0.00000000      0.477453709       7.22227097E-02
       27000   0.00000000      0.480092585       7.13244155E-02
       28000   0.00000000      0.502824068       7.78517351E-02
       29000   0.00000000      0.494768530       6.95611909E-02
       30000   0.00000000      0.481064826       6.86959997E-02
       31000   0.00000000      0.487314820       6.78415671E-02
       32000   0.00000000      0.507037044       7.40501508E-02
       33000   0.00000000      0.512499988       7.31291175E-02
       34000   0.00000000      0.487175912       7.22195432E-02
       35000   0.00000000      0.501481473       7.88287818E-02
       36000   0.00000000      0.490879625       7.04341903E-02
       37000   0.00000000      0.497268528       6.95581287E-02
       38000   0.00000000      0.504537046       7.59238005E-02
       39000   0.00000000      0.501203716       8.28720406E-02
       40000   0.00000000      0.512638867       7.40468726E-02
       41000   0.00000000      0.502824068       8.08233395E-02
       42000   0.00000000      0.491342604       7.22163469E-02
       43000   0.00000000      0.475925922       7.13181272E-02
       44000   0.00000000      0.490509272       7.04310685E-02
       45000   0.00000000      0.491898149       6.95550442E-02
       46000   0.00000000      0.513101876       7.59204328E-02
       47000   0.00000000      0.510185182       7.49761313E-02
       48000   0.00000000      0.509953678       7.40435719E-02
       49000   0.00000000      0.516435206       7.31226206E-02
       50000   0.00000000      0.488148153       7.22131282E-02
       51000   0.00000000      0.529907405       7.13149458E-02
       52000   0.00000000      0.515555561       7.78414011E-02
       53000   0.00000000      0.500509262       7.68732131E-02
       54000   0.00000000      0.501157403       7.59170651E-02
       55000   0.00000000      0.500416696       7.49728233E-02
       56000   0.00000000      0.500879645       7.40403160E-02
       57000   0.00000000      0.518703699       7.31194019E-02
       58000   0.00000000      0.487037033       7.22099468E-02
       59000   0.00000000      0.527361095       7.13118166E-02
       60000   0.00000000      0.505555570       7.78379813E-02
       61000   0.00000000      0.493194431       6.95489049E-02
       62000   0.00000000      0.494212955       6.86838627E-02
       63000   0.00000000      0.509398162       7.49695376E-02
       64000   0.00000000      0.483703703       7.40370676E-02
       65000   0.00000000      0.480648160       7.31162056E-02
       66000   0.00000000      0.508240759       7.22067878E-02
       67000   0.00000000      0.495092601       7.13086724E-02
       68000   0.00000000      0.482129633       7.04217404E-02
       69000   0.00000000      0.500648141       7.68664554E-02
       70000   0.00000000      0.489351839       6.86808228E-02
       71000   0.00000000      0.521574080       7.49662071E-02
       72000   0.00000000      0.521250010       7.40337819E-02
       73000   0.00000000      0.484583348       7.31129572E-02
       74000   0.00000000      0.476666659       7.22035766E-02
       75000   0.00000000      0.499305546       7.13055134E-02
       76000   0.00000000      0.496666670       7.04186261E-02
       77000   0.00000000      0.504583359       7.68630579E-02
       78000   0.00000000      0.495138884       6.86778128E-02
       79000   0.00000000      0.497638881       6.78236037E-02
       80000   0.00000000      0.508287013       7.40305409E-02
       81000   0.00000000      0.509398162       7.31097534E-02
       82000   0.00000000      0.528888881       7.22004250E-02
       83000   0.00000000      0.502453685       7.88079128E-02
       84000   0.00000000      0.495509267       7.04155490E-02
       85000   0.00000000      0.472407401       7.68596902E-02
       86000   0.00000000      0.505185187       7.59036988E-02
       87000   0.00000000      0.490787029       6.78206086E-02
       88000   0.00000000      0.487453699       7.40272701E-02
       89000   0.00000000      0.506157398       7.31065273E-02
       90000   0.00000000      0.504074097       7.97969326E-02
       91000   0.00000000      0.485740751       7.12992474E-02
       92000   0.00000000      0.485787034       7.04124346E-02
       93000   0.00000000      0.521296322       7.68562853E-02
       94000   0.00000000      0.504074097       7.59003609E-02
       95000   0.00000000      0.491111100       6.78176284E-02
       96000   0.00000000      0.483749986       7.40240216E-02
       97000   0.00000000      0.477685183       7.31033161E-02
       98000   0.00000000      0.491990745       7.21940547E-02
       99000   0.00000000      0.503611088       7.88009614E-02
      100000   0.00000000      0.517222226       7.78208524E-02
 DONE ALL CONFIGURATIONS
 DONE SAVING CONFIG FINAL
 CLEAR MEMORY
   0.00000000       3.49914598       5.39715672    
 GDR DONE, SAVE
 GDR DONE CALC
 DONE
451.59user 0.79system 7:37.48elapsed 98%CPU (0avgtext+0avgdata 4968maxresident)k
0inputs+6056outputs (0major+736minor)pagefaults 0swaps
