 =============================================================================
 NUMERO DE PARTICULAS
         216
 CONCENTRACION REDUCIDA
  0.500000000    
 NUMERO DE CICLOS
      210000
 MONITOREO EN PANTALLA (CADA CAUNTOS CICLOS)
        1000
 NUMERO DE PASOS PARA GUARDAR CONFIGURACION
         100
 FRECUENCIA DE CORRECCION EN DESPLAZAMIENTO
         100
 =============================================================================
 LONGITUD DE LA CELDA:   7.55952692    
 CONFIGURACION INICIAL LISTA
 ENERGIA DE LA CONFIGURACION INICIAL:   0.00000000    
 =============================================================================
 |CONFIG||ENERGIA PARTICULA||RATIO||DR|
        1000   0.00000000      0.613333344      0.162889376    
        2000   0.00000000      0.481064826      0.217197195    
        3000   0.00000000      0.501574099      0.237074196    
        4000   0.00000000      0.493518531      0.211827800    
        5000   0.00000000      0.496712953      0.209193096    
        6000   0.00000000      0.498240739      0.206591189    
        7000   0.00000000      0.509722233      0.225497574    
        8000   0.00000000      0.513750017      0.222692847    
        9000   0.00000000      0.519398153      0.219923019    
       10000   0.00000000      0.483518511      0.217187658    
       11000   0.00000000      0.490648150      0.214486286    
       12000   0.00000000      0.498842597      0.211818531    
       13000   0.00000000      0.492314816      0.209183931    
       14000   0.00000000      0.506250024      0.228327572    
       15000   0.00000000      0.505416691      0.225487649    
       16000   0.00000000      0.474583328      0.222683042    
       17000   0.00000000      0.511851847      0.219913363    
       18000   0.00000000      0.489861101      0.217178106    
       19000   0.00000000      0.486435175      0.214476869    
       20000   0.00000000      0.486574084      0.211809218    
       21000   0.00000000      0.501712978      0.231193140    
       22000   0.00000000      0.497268528      0.206573039    
       23000   0.00000000      0.506805539      0.225477785    
       24000   0.00000000      0.522962987      0.222673312    
       25000   0.00000000      0.486527771      0.219903708    
       26000   0.00000000      0.519722223      0.217168570    
       27000   0.00000000      0.499212950      0.214467421    
       28000   0.00000000      0.482592583      0.211799890    
       29000   0.00000000      0.504722238      0.231182948    
       30000   0.00000000      0.496712953      0.206563935    
       31000   0.00000000      0.518935204      0.225467831    
       32000   0.00000000      0.499629617      0.201457441    
       33000   0.00000000      0.479074061      0.219893992    
       34000   0.00000000      0.484953701      0.217158973    
       35000   0.00000000      0.476574063      0.214457959    
       36000   0.00000000      0.498425931      0.211790547    
       37000   0.00000000      0.493194431      0.209156305    
       38000   0.00000000      0.506851852      0.228297412    
       39000   0.00000000      0.507824063      0.225457862    
       40000   0.00000000      0.517453730      0.222653657    
       41000   0.00000000      0.489583343      0.219884306    
       42000   0.00000000      0.488194436      0.217149407    
       43000   0.00000000      0.487962961      0.214448527    
       44000   0.00000000      0.509259284      0.234073967    
       45000   0.00000000      0.506018519      0.231162563    
       46000   0.00000000      0.498101860      0.206545725    
       47000   0.00000000      0.523611128      0.225447953    
       48000   0.00000000      0.509398162      0.222643852    
       49000   0.00000000      0.490601838      0.219874620    
       50000   0.00000000      0.494259268      0.217139825    
       51000   0.00000000      0.492129624      0.214439049    
       52000   0.00000000      0.499768525      0.211771861    
       53000   0.00000000      0.493518531      0.209137842    
       54000   0.00000000      0.506527781      0.228277266    
       55000   0.00000000      0.499537051      0.203967676    
       56000   0.00000000      0.480277777      0.222633973    
       57000   0.00000000      0.500925899      0.219864875    
       58000   0.00000000      0.516805530      0.217130214    
       59000   0.00000000      0.488379627      0.214429572    
       60000   0.00000000      0.502546310      0.234053284    
       61000   0.00000000      0.500277758      0.231142133    
       62000   0.00000000      0.500601828      0.228267208    
       63000   0.00000000      0.515370369      0.225428030    
       64000   0.00000000      0.513379633      0.222624183    
       65000   0.00000000      0.511620343      0.219855189    
       66000   0.00000000      0.486388892      0.217120633    
       67000   0.00000000      0.491250008      0.214420095    
       68000   0.00000000      0.498425931      0.211753160    
       69000   0.00000000      0.492685199      0.209119409    
       70000   0.00000000      0.506296277      0.228257179    
       71000   0.00000000      0.506851852      0.225418150    
       72000   0.00000000      0.510740757      0.222614408    
       73000   0.00000000      0.518148124      0.219845533    
       74000   0.00000000      0.515416682      0.217111140    
       75000   0.00000000      0.481851846      0.214410707    
       76000   0.00000000      0.498379618      0.211743876    
       77000   0.00000000      0.497083336      0.209110215    
       78000   0.00000000      0.506296277      0.228247151    
       79000   0.00000000      0.502222240      0.225408211    
       80000   0.00000000      0.509722233      0.222604588    
       81000   0.00000000      0.515324056      0.219835833    
       82000   0.00000000      0.479768515      0.217101514    
       83000   0.00000000      0.482499987      0.214401215    
       84000   0.00000000      0.494768530      0.211734504    
       85000   0.00000000      0.489722222      0.209100962    
       86000   0.00000000      0.500740767      0.228237033    
       87000   0.00000000      0.501851857      0.225398242    
       88000   0.00000000      0.525231481      0.222594753    
       89000   0.00000000      0.507962942      0.219826132    
       90000   0.00000000      0.529398143      0.217091933    
       91000   0.00000000      0.498657405      0.214391753    
       92000   0.00000000      0.504120350      0.234012038    
       93000   0.00000000      0.511342585      0.231101394    
       94000   0.00000000      0.506250024      0.228226960    
       95000   0.00000000      0.500925899      0.225388303    
       96000   0.00000000      0.514027774      0.222584933    
       97000   0.00000000      0.514351845      0.219816446    
       98000   0.00000000      0.493148148      0.217082396    
       99000   0.00000000      0.490740746      0.214382350    
      100000   0.00000000      0.494907409      0.211715877    
      101000   0.00000000      0.494305551      0.209082574    
      102000   0.00000000      0.493472219      0.206482023    
      103000   0.00000000      0.513564825      0.225378409    
      104000   0.00000000      0.517962992      0.222575173    
      105000   0.00000000      0.515231490      0.219806790    
      106000   0.00000000      0.522268534      0.217072845    
      107000   0.00000000      0.492916673      0.214372918    
      108000   0.00000000      0.497453690      0.211706564    
      109000   0.00000000      0.502685189      0.231081083    
      110000   0.00000000      0.514027774      0.228206918    
      111000   0.00000000      0.501296282      0.225368455    
      112000   0.00000000      0.521018505      0.222565338    
      113000   0.00000000      0.524305582      0.219797075    
      114000   0.00000000      0.477916658      0.217063233    
      115000   0.00000000      0.485787034      0.214363411    
      116000   0.00000000      0.491250008      0.211697191    
      117000   0.00000000      0.502824068      0.231070846    
      118000   0.00000000      0.508379638      0.228196815    
      119000   0.00000000      0.504953682      0.225358516    
      120000   0.00000000      0.512314796      0.222555503    
      121000   0.00000000      0.517638862      0.219787344    
      122000   0.00000000      0.477777779      0.217053637    
      123000   0.00000000      0.494074076      0.214353964    
      124000   0.00000000      0.502407432      0.233970761    
      125000   0.00000000      0.490277767      0.209054887    
      126000   0.00000000      0.497037023      0.206454650    
      127000   0.00000000      0.499814808      0.203886777    
      128000   0.00000000      0.477268517      0.222545654    
      129000   0.00000000      0.483101845      0.219777673    
      130000   0.00000000      0.478240728      0.217044100    
      131000   0.00000000      0.489722222      0.214344531    
      132000   0.00000000      0.493796289      0.211678535    
      133000   0.00000000      0.506481469      0.231050491    
      134000   0.00000000      0.510648131      0.228176713    
      135000   0.00000000      0.517453730      0.225338668    
      136000   0.00000000      0.518425941      0.222535938    
      137000   0.00000000      0.495694458      0.219768062    
      138000   0.00000000      0.538009286      0.217034608    
      139000   0.00000000      0.528009236      0.214335144    
      140000   0.00000000      0.490462959      0.211669266    
      141000   0.00000000      0.480185181      0.209036574    
      142000   0.00000000      0.511111140      0.228166744    
      143000   0.00000000      0.497129619      0.203868926    
      144000   0.00000000      0.518472195      0.222526163    
      145000   0.00000000      0.480370373      0.219758391    
      146000   0.00000000      0.485787034      0.217025042    
      147000   0.00000000      0.492870361      0.214325681    
      148000   0.00000000      0.496898144      0.211659908    
      149000   0.00000000      0.495000005      0.209027290    
      150000   0.00000000      0.509027779      0.228156611    
      151000   0.00000000      0.513564825      0.225318819    
      152000   0.00000000      0.483148158      0.222516313    
      153000   0.00000000      0.520046294      0.219748706    
      154000   0.00000000      0.490185171      0.217015460    
      155000   0.00000000      0.489212960      0.214316249    
      156000   0.00000000      0.500092566      0.233929604    
      157000   0.00000000      0.512129605      0.231020018    
      158000   0.00000000      0.511296272      0.228146598    
      159000   0.00000000      0.508981466      0.225308940    
      160000   0.00000000      0.508611083      0.222506568    
      161000   0.00000000      0.515509248      0.219739050    
      162000   0.00000000      0.478240728      0.217005938    
      163000   0.00000000      0.494537026      0.214306831    
      164000   0.00000000      0.496342599      0.211641282    
      165000   0.00000000      0.502546310      0.231009826    
      166000   0.00000000      0.498657405      0.206409261    
      167000   0.00000000      0.502824068      0.225298986    
      168000   0.00000000      0.511203706      0.222496733    
      169000   0.00000000      0.507731497      0.219729349    
      170000   0.00000000      0.478657395      0.216996357    
      171000   0.00000000      0.480740726      0.214297369    
      172000   0.00000000      0.499583334      0.211631954    
      173000   0.00000000      0.507499993      0.230999649    
      174000   0.00000000      0.504537046      0.228126496    
      175000   0.00000000      0.511481464      0.225289077    
      176000   0.00000000      0.513055563      0.222486943    
      177000   0.00000000      0.521851838      0.219719693    
      178000   0.00000000      0.515740752      0.216986805    
      179000   0.00000000      0.488564819      0.214287922    
      180000   0.00000000      0.490416676      0.211622626    
      181000   0.00000000      0.502731502      0.230989471    
      182000   0.00000000      0.496620357      0.206391066    
      183000   0.00000000      0.515138865      0.225279152    
      184000   0.00000000      0.479537040      0.222477153    
      185000   0.00000000      0.518379629      0.219709992    
      186000   0.00000000      0.483935177      0.216977254    
      187000   0.00000000      0.486574084      0.214278489    
      188000   0.00000000      0.489675939      0.211613327    
      189000   0.00000000      0.496481478      0.208981305    
      190000   0.00000000      0.512962937      0.228106394    
      191000   0.00000000      0.504074097      0.225269198    
      192000   0.00000000      0.476759255      0.222467318    
      193000   0.00000000      0.522731483      0.219700307    
      194000   0.00000000      0.520324051      0.216967672    
      195000   0.00000000      0.502037048      0.236823648    
      196000   0.00000000      0.497175932      0.211603969    
      197000   0.00000000      0.502453685      0.230969101    
      198000   0.00000000      0.506435156      0.228096306    
      199000   0.00000000      0.505231500      0.225259274    
      200000   0.00000000      0.482962966      0.222457528    
      201000   0.00000000      0.510509253      0.219690636    
      202000   0.00000000      0.486388892      0.216958150    
      203000   0.00000000      0.499907404      0.214259654    
      204000   0.00000000      0.486435175      0.211594716    
      205000   0.00000000      0.506111085      0.230958998    
      206000   0.00000000      0.511064827      0.228086352    
      207000   0.00000000      0.503981471      0.225249454    
      208000   0.00000000      0.517638862      0.222447827    
      209000   0.00000000      0.513425946      0.219681039    
      210000   0.00000000      0.470509261      0.216948673    
 DONE ALL CONFIGURATIONS
 DONE SAVING CONFIG FINAL
 CLEAR MEMORY
  0.500000000       1.56633592    
 GDR DONE, SAVE
 GDR DONE CALC
 DONE
 ===================================================================
947.01user 7.62system 18:33.76elapsed 85%CPU (0avgtext+0avgdata 7184maxresident)k
8inputs+12656outputs (0major+1377minor)pagefaults 0swaps
