 =============================================================================
 NUMERO DE PARTICULAS
         216
 CONCENTRACION REDUCIDA
  0.600000024    
 NUMERO DE CICLOS
      210000
 MONITOREO EN PANTALLA (CADA CAUNTOS CICLOS)
        1000
 NUMERO DE PASOS PARA GUARDAR CONFIGURACION
         100
 FRECUENCIA DE CORRECCION EN DESPLAZAMIENTO
         100
 =============================================================================
 LONGITUD DE LA CELDA:   7.11378717    
 CONFIGURACION INICIAL LISTA
 ENERGIA DE LA CONFIGURACION INICIAL:   0.00000000    
 =============================================================================
 |CONFIG||ENERGIA PARTICULA||RATIO||DR|
        1000   0.00000000      0.501111090      0.162889376    
        2000   0.00000000      0.493009269      0.145543039    
        3000   0.00000000      0.498194456      0.143732771    
        4000   0.00000000      0.512962937      0.156886607    
        5000   0.00000000      0.513472199      0.154935256    
        6000   0.00000000      0.521342576      0.153008178    
        7000   0.00000000      0.513472199      0.151105091    
        8000   0.00000000      0.488148153      0.149225652    
        9000   0.00000000      0.488981485      0.147369593    
       10000   0.00000000      0.493935198      0.145536616    
       11000   0.00000000      0.498055547      0.143726438    
       12000   0.00000000      0.506574094      0.156879708    
       13000   0.00000000      0.509259284      0.154928431    
       14000   0.00000000      0.467824072      0.153001457    
       15000   0.00000000      0.526342571      0.151098445    
       16000   0.00000000      0.492083341      0.149219096    
       17000   0.00000000      0.481064826      0.147363111    
       18000   0.00000000      0.499953717      0.145530224    
       19000   0.00000000      0.504074097      0.158848554    
       20000   0.00000000      0.506990731      0.156872824    
       21000   0.00000000      0.517361104      0.154921636    
       22000   0.00000000      0.473935187      0.152994737    
       23000   0.00000000      0.488703698      0.151091784    
       24000   0.00000000      0.533101857      0.149212494    
       25000   0.00000000      0.495000005      0.147356600    
       26000   0.00000000      0.496666670      0.145523787    
       27000   0.00000000      0.494907409      0.143713772    
       28000   0.00000000      0.496805549      0.141926259    
       29000   0.00000000      0.474768519      0.154914752    
       30000   0.00000000      0.513564825      0.152987927    
       31000   0.00000000      0.491064817      0.151085079    
       32000   0.00000000      0.497685194      0.149205893    
       33000   0.00000000      0.487129629      0.147350088    
       34000   0.00000000      0.493379623      0.145517334    
       35000   0.00000000      0.489305556      0.143707410    
       36000   0.00000000      0.503055573      0.156858921    
       37000   0.00000000      0.504212976      0.154907927    
       38000   0.00000000      0.521111131      0.152981222    
       39000   0.00000000      0.516481459      0.151078448    
       40000   0.00000000      0.473657399      0.149199337    
       41000   0.00000000      0.493425936      0.147343621    
       42000   0.00000000      0.494120359      0.145510972    
       43000   0.00000000      0.499814808      0.143701091    
       44000   0.00000000      0.506435156      0.156852022    
       45000   0.00000000      0.508240759      0.154901087    
       46000   0.00000000      0.509444416      0.152974442    
       47000   0.00000000      0.517268538      0.151071757    
       48000   0.00000000      0.516712964      0.149192750    
       49000   0.00000000      0.495509267      0.147337109    
       50000   0.00000000      0.507592618      0.160820782    
       51000   0.00000000      0.498935193      0.143694744    
       52000   0.00000000      0.512731493      0.156845093    
       53000   0.00000000      0.508888900      0.154894248    
       54000   0.00000000      0.524212956      0.152967662    
       55000   0.00000000      0.514953732      0.151065066    
       56000   0.00000000      0.484814823      0.149186119    
       57000   0.00000000      0.502546310      0.162839025    
       58000   0.00000000      0.492129624      0.145498067    
       59000   0.00000000      0.494675934      0.143688351    
       60000   0.00000000      0.499351859      0.141901165    
       61000   0.00000000      0.518240750      0.154887393    
       62000   0.00000000      0.510277748      0.152960911    
       63000   0.00000000      0.521064818      0.151058406    
       64000   0.00000000      0.477546304      0.149179533    
       65000   0.00000000      0.532361090      0.147324026    
       66000   0.00000000      0.482499987      0.145491615    
       67000   0.00000000      0.496805549      0.143681988    
       68000   0.00000000      0.500138879      0.156831175    
       69000   0.00000000      0.509583354      0.154880539    
       70000   0.00000000      0.514212966      0.152954131    
       71000   0.00000000      0.516990721      0.151051685    
       72000   0.00000000      0.491990745      0.149172932    
       73000   0.00000000      0.471620381      0.147317529    
       74000   0.00000000      0.493425936      0.145485207    
       75000   0.00000000      0.506990731      0.158799395    
       76000   0.00000000      0.510324061      0.156824276    
       77000   0.00000000      0.513240755      0.154873699    
       78000   0.00000000      0.489398152      0.152947396    
       79000   0.00000000      0.524259269      0.151045054    
       80000   0.00000000      0.516759276      0.149166390    
       81000   0.00000000      0.498287052      0.147311062    
       82000   0.00000000      0.502361119      0.160792351    
       83000   0.00000000      0.501944423      0.158792421    
       84000   0.00000000      0.509074092      0.156817392    
       85000   0.00000000      0.509398162      0.154866904    
       86000   0.00000000      0.498842597      0.138374880    
       87000   0.00000000      0.517499983      0.151038378    
       88000   0.00000000      0.518333316      0.149159759    
       89000   0.00000000      0.500138879      0.162810251    
       90000   0.00000000      0.503703713      0.160785213    
       91000   0.00000000      0.511666656      0.158785388    
       92000   0.00000000      0.498981476      0.141876101    
       93000   0.00000000      0.511157393      0.154860035    
       94000   0.00000000      0.488009274      0.152933881    
       95000   0.00000000      0.512175918      0.151031703    
       96000   0.00000000      0.520879626      0.149153173    
       97000   0.00000000      0.489722222      0.147298008    
       98000   0.00000000      0.497453690      0.145465910    
       99000   0.00000000      0.504814804      0.158778355    
      100000   0.00000000      0.503564835      0.156803474    
      101000   0.00000000      0.474490732      0.154853165    
      102000   0.00000000      0.505740762      0.152927101    
      103000   0.00000000      0.510138869      0.151025012    
      104000   0.00000000      0.528796315      0.149146557    
      105000   0.00000000      0.513888896      0.147291467    
      106000   0.00000000      0.489027768      0.145459473    
      107000   0.00000000      0.494259268      0.143650264    
      108000   0.00000000      0.497731477      0.141863555    
      109000   0.00000000      0.510324061      0.154846326    
      110000   0.00000000      0.463842601      0.152920365    
      111000   0.00000000      0.522407413      0.151018336    
      112000   0.00000000      0.490879625      0.149139956    
      113000   0.00000000      0.490000010      0.147284955    
      114000   0.00000000      0.481620371      0.145453036    
      115000   0.00000000      0.500185192      0.158764318    
      116000   0.00000000      0.509537041      0.156789631    
      117000   0.00000000      0.491342604      0.140092865    
      118000   0.00000000      0.520092607      0.152913600    
      119000   0.00000000      0.516527772      0.151011676    
      120000   0.00000000      0.481666654      0.149133414    
      121000   0.00000000      0.476018518      0.147278503    
      122000   0.00000000      0.497083336      0.145446658    
      123000   0.00000000      0.493796289      0.143637583    
      124000   0.00000000      0.503842592      0.156782687    
      125000   0.00000000      0.515648127      0.154832631    
      126000   0.00000000      0.504999995      0.152906850    
      127000   0.00000000      0.519768536      0.151005000    
      128000   0.00000000      0.532685161      0.149126813    
      129000   0.00000000      0.491064817      0.147271991    
      130000   0.00000000      0.493611097      0.145440221    
      131000   0.00000000      0.512824059      0.158750340    
      132000   0.00000000      0.515138865      0.156775787    
      133000   0.00000000      0.500324070      0.154825836    
      134000   0.00000000      0.500092566      0.152900100    
      135000   0.00000000      0.526527762      0.150998339    
      136000   0.00000000      0.484166652      0.149120227    
      137000   0.00000000      0.519953728      0.147265464    
      138000   0.00000000      0.524861097      0.145433798    
      139000   0.00000000      0.487407416      0.143624872    
      140000   0.00000000      0.489166677      0.141838491    
      141000   0.00000000      0.510509253      0.154818982    
      142000   0.00000000      0.492222220      0.152893364    
      143000   0.00000000      0.500324070      0.150991693    
      144000   0.00000000      0.520416677      0.149113685    
      145000   0.00000000      0.497638881      0.147259012    
      146000   0.00000000      0.499166667      0.145427421    
      147000   0.00000000      0.504861116      0.158736348    
      148000   0.00000000      0.504537046      0.156762019    
      149000   0.00000000      0.507916689      0.154812232    
      150000   0.00000000      0.500555575      0.152886659    
      151000   0.00000000      0.520231485      0.150985032    
      152000   0.00000000      0.491157413      0.149107084    
      153000   0.00000000      0.491666675      0.147252500    
      154000   0.00000000      0.495972216      0.145420983    
      155000   0.00000000      0.495555550      0.143612236    
      156000   0.00000000      0.497962952      0.141825974    
      157000   0.00000000      0.518287063      0.154805332    
      158000   0.00000000      0.501203716      0.152879864    
      159000   0.00000000      0.495185196      0.150978357    
      160000   0.00000000      0.482268512      0.149100497    
      161000   0.00000000      0.500138879      0.162745565    
      162000   0.00000000      0.498935193      0.145414576    
      163000   0.00000000      0.498148143      0.143605933    
      164000   0.00000000      0.514259279      0.156748146    
      165000   0.00000000      0.493518531      0.140055791    
      166000   0.00000000      0.517638862      0.152873129    
      167000   0.00000000      0.490185171      0.150971696    
      168000   0.00000000      0.494537026      0.149093881    
      169000   0.00000000      0.504074097      0.162738338    
      170000   0.00000000      0.490740746      0.145408109    
      171000   0.00000000      0.500555575      0.158715293    
      172000   0.00000000      0.499259263      0.141813472    
      173000   0.00000000      0.506851852      0.154791668    
      174000   0.00000000      0.513472199      0.152866378    
      175000   0.00000000      0.485416681      0.150965050    
      176000   0.00000000      0.490092605      0.149087355    
      177000   0.00000000      0.500138879      0.162731215    
      178000   0.00000000      0.497685194      0.145401716    
      179000   0.00000000      0.484768510      0.143593222    
      180000   0.00000000      0.493148148      0.141807228    
      181000   0.00000000      0.514953732      0.154784843    
      182000   0.00000000      0.511481464      0.152859643    
      183000   0.00000000      0.484259248      0.150958374    
      184000   0.00000000      0.491944432      0.149080753    
      185000   0.00000000      0.504583359      0.162724003    
      186000   0.00000000      0.502083361      0.160700068    
      187000   0.00000000      0.501203716      0.158701301    
      188000   0.00000000      0.500138879      0.156727389    
      189000   0.00000000      0.512546301      0.154778004    
      190000   0.00000000      0.517870367      0.152852878    
      191000   0.00000000      0.477824062      0.150951713    
      192000   0.00000000      0.490092605      0.149074167    
      193000   0.00000000      0.490046293      0.147219986    
      194000   0.00000000      0.498240739      0.145388871    
      195000   0.00000000      0.489861101      0.143580541    
      196000   0.00000000      0.501111090      0.156720430    
      197000   0.00000000      0.513842583      0.154771149    
      198000   0.00000000      0.479722232      0.152846098    
      199000   0.00000000      0.513842583      0.150945038    
      200000   0.00000000      0.523287058      0.149067611    
      201000   0.00000000      0.493518531      0.147213519    
      202000   0.00000000      0.493009269      0.145382464    
      203000   0.00000000      0.505324066      0.158687264    
      204000   0.00000000      0.510185182      0.156713530    
      205000   0.00000000      0.510787010      0.154764339    
      206000   0.00000000      0.486944437      0.152839378    
      207000   0.00000000      0.470694453      0.150938362    
      208000   0.00000000      0.527499974      0.149060979    
      209000   0.00000000      0.476851851      0.147206962    
      210000   0.00000000      0.483842582      0.145375997    
 DONE ALL CONFIGURATIONS
 DONE SAVING CONFIG FINAL
 CLEAR MEMORY
  0.600000024       2.42462969    
 GDR DONE, SAVE
 GDR DONE CALC
 DONE
 ===================================================================
948.29user 6.98system 18:33.82elapsed 85%CPU (0avgtext+0avgdata 7136maxresident)k
8inputs+12648outputs (0major+1376minor)pagefaults 0swaps
