 =============================================================================
 NUMERO DE PARTICULAS
         216
 CONCENTRACION REDUCIDA
  0.300000012    
 NUMERO DE CICLOS
      210000
 MONITOREO EN PANTALLA (CADA CAUNTOS CICLOS)
        1000
 NUMERO DE PASOS PARA GUARDAR CONFIGURACION
         100
 FRECUENCIA DE CORRECCION EN DESPLAZAMIENTO
         100
 =============================================================================
 LONGITUD DE LA CELDA:   8.96281052    
 CONFIGURACION INICIAL LISTA
 ENERGIA DE LA CONFIGURACION INICIAL:   0.00000000    
 =============================================================================
 |CONFIG||ENERGIA PARTICULA||RATIO||DR|
        1000   0.00000000      0.811527789      0.162889376    
        2000   0.00000000      0.703842580      0.265329510    
        3000   0.00000000      0.577037036      0.432193637    
        4000   0.00000000      0.487638891      0.521403730    
        5000   0.00000000      0.516342580      0.514918447    
        6000   0.00000000      0.496574074      0.508513868    
        7000   0.00000000      0.499444455      0.502189040    
        8000   0.00000000      0.498194456      0.495942861    
        9000   0.00000000      0.509768546      0.541329563    
       10000   0.00000000      0.515648127      0.534596503    
       11000   0.00000000      0.486759245      0.527947187    
       12000   0.00000000      0.492361099      0.521380544    
       13000   0.00000000      0.490324080      0.514895678    
       14000   0.00000000      0.495370358      0.508491457    
       15000   0.00000000      0.498657405      0.502166808    
       16000   0.00000000      0.510370374      0.548123062    
       17000   0.00000000      0.509814799      0.541305602    
       18000   0.00000000      0.510787010      0.534572899    
       19000   0.00000000      0.484444439      0.527923942    
       20000   0.00000000      0.519259274      0.521357656    
       21000   0.00000000      0.496018529      0.514873028    
       22000   0.00000000      0.499629617      0.508469105    
       23000   0.00000000      0.495046288      0.502144694    
       24000   0.00000000      0.497314811      0.495899051    
       25000   0.00000000      0.508518517      0.541281641    
       26000   0.00000000      0.478148162      0.534549177    
       27000   0.00000000      0.517175913      0.527900457    
       28000   0.00000000      0.497222215      0.521334529    
       29000   0.00000000      0.493564814      0.514850199    
       30000   0.00000000      0.501064837      0.561967194    
       31000   0.00000000      0.499675930      0.502122462    
       32000   0.00000000      0.497777790      0.495877028    
       33000   0.00000000      0.511064827      0.541257620    
       34000   0.00000000      0.509074092      0.534525454    
       35000   0.00000000      0.488009274      0.527876973    
       36000   0.00000000      0.484259248      0.521311283    
       37000   0.00000000      0.491898149      0.514827192    
       38000   0.00000000      0.499259263      0.508423805    
       39000   0.00000000      0.501898170      0.554952681    
       40000   0.00000000      0.502268493      0.548050284    
       41000   0.00000000      0.504722238      0.541233659    
       42000   0.00000000      0.475648135      0.534501791    
       43000   0.00000000      0.512685180      0.527853668    
       44000   0.00000000      0.493703693      0.521288216    
       45000   0.00000000      0.493703693      0.514804423    
       46000   0.00000000      0.494120359      0.508401334    
       47000   0.00000000      0.510370374      0.554928184    
       48000   0.00000000      0.502268493      0.548025966    
       49000   0.00000000      0.509398162      0.541209579    
       50000   0.00000000      0.514675915      0.534478009    
       51000   0.00000000      0.517314792      0.527830243    
       52000   0.00000000      0.515277803      0.521265149    
       53000   0.00000000      0.490231484      0.514781654    
       54000   0.00000000      0.487592578      0.508378804    
       55000   0.00000000      0.499351859      0.502055585    
       56000   0.00000000      0.500879645      0.548001707    
       57000   0.00000000      0.513287008      0.541185737    
       58000   0.00000000      0.508009255      0.534454405    
       59000   0.00000000      0.482222229      0.527806818    
       60000   0.00000000      0.489027768      0.521241963    
       61000   0.00000000      0.498425931      0.514758766    
       62000   0.00000000      0.493472219      0.508356214    
       63000   0.00000000      0.500092566      0.554878950    
       64000   0.00000000      0.500046313      0.547977388    
       65000   0.00000000      0.510509253      0.541161716    
       66000   0.00000000      0.505138874      0.534430802    
       67000   0.00000000      0.485787034      0.527783632    
       68000   0.00000000      0.490092605      0.521219134    
       69000   0.00000000      0.492314816      0.514736235    
       70000   0.00000000      0.497777790      0.508333921    
       71000   0.00000000      0.493055552      0.502011240    
       72000   0.00000000      0.504907429      0.547953188    
       73000   0.00000000      0.500648141      0.541137695    
       74000   0.00000000      0.482916653      0.534407139    
       75000   0.00000000      0.482037038      0.527760148    
       76000   0.00000000      0.489120364      0.521195889    
       77000   0.00000000      0.489259273      0.514713168    
       78000   0.00000000      0.498379618      0.508311212    
       79000   0.00000000      0.503611088      0.554829776    
       80000   0.00000000      0.505879641      0.547928810    
       81000   0.00000000      0.500185192      0.541113794    
       82000   0.00000000      0.510370374      0.534383535    
       83000   0.00000000      0.525324047      0.527736902    
       84000   0.00000000      0.490879625      0.521172881    
       85000   0.00000000      0.491250008      0.514690459    
       86000   0.00000000      0.495648146      0.508288741    
       87000   0.00000000      0.499212950      0.501966715    
       88000   0.00000000      0.500509262      0.547904670    
       89000   0.00000000      0.498703718      0.489557505    
       90000   0.00000000      0.482407421      0.534359872    
       91000   0.00000000      0.512824059      0.527713537    
       92000   0.00000000      0.517314792      0.521149874    
       93000   0.00000000      0.491805553      0.514667809    
       94000   0.00000000      0.487407416      0.508266389    
       95000   0.00000000      0.502314806      0.554780722    
       96000   0.00000000      0.503472209      0.547880292    
       97000   0.00000000      0.504907429      0.541065872    
       98000   0.00000000      0.513611138      0.534336209    
       99000   0.00000000      0.484166652      0.527690232    
      100000   0.00000000      0.488472223      0.521126807    
      101000   0.00000000      0.495787024      0.514644980    
      102000   0.00000000      0.491620362      0.508243859    
      103000   0.00000000      0.485324085      0.501922429    
      104000   0.00000000      0.500370383      0.547856331    
      105000   0.00000000      0.501435161      0.541042209    
      106000   0.00000000      0.517685175      0.534312725    
      107000   0.00000000      0.505509257      0.527666867    
      108000   0.00000000      0.488194436      0.521103740    
      109000   0.00000000      0.485277772      0.514622331    
      110000   0.00000000      0.493009269      0.508221507    
      111000   0.00000000      0.500787020      0.554731905    
      112000   0.00000000      0.504629612      0.547832131    
      113000   0.00000000      0.508194447      0.541018248    
      114000   0.00000000      0.484490752      0.534289122    
      115000   0.00000000      0.511759281      0.527643740    
      116000   0.00000000      0.492361099      0.521080911    
      117000   0.00000000      0.485416681      0.514599741    
      118000   0.00000000      0.488287032      0.508199155    
      119000   0.00000000      0.502037048      0.554707527    
      120000   0.00000000      0.495092601      0.495635897    
      121000   0.00000000      0.499675930      0.489471167    
      122000   0.00000000      0.507962942      0.534265518    
      123000   0.00000000      0.517777801      0.527620316    
      124000   0.00000000      0.487129629      0.521057844    
      125000   0.00000000      0.498009264      0.514577031    
      126000   0.00000000      0.496481478      0.508176744    
      127000   0.00000000      0.492546290      0.501856029    
      128000   0.00000000      0.505277753      0.547783792    
      129000   0.00000000      0.516620398      0.540970445    
      130000   0.00000000      0.503842592      0.534241855    
      131000   0.00000000      0.511527777      0.527596891    
      132000   0.00000000      0.476620376      0.521034718    
      133000   0.00000000      0.493287027      0.514554083    
      134000   0.00000000      0.496851861      0.508154154    
      135000   0.00000000      0.496944457      0.501833677    
      136000   0.00000000      0.496435195      0.495591909    
      137000   0.00000000      0.504629612      0.540946603    
      138000   0.00000000      0.511018515      0.534218371    
      139000   0.00000000      0.483749986      0.527573824    
      140000   0.00000000      0.489259273      0.521011889    
      141000   0.00000000      0.482685179      0.514531553    
      142000   0.00000000      0.494814813      0.508131981    
      143000   0.00000000      0.501388907      0.554634154    
      144000   0.00000000      0.513796270      0.547735631    
      145000   0.00000000      0.504953682      0.540922940    
      146000   0.00000000      0.509490728      0.534195006    
      147000   0.00000000      0.511851847      0.527550757    
      148000   0.00000000      0.479351848      0.520989120    
      149000   0.00000000      0.492685199      0.514509082    
      150000   0.00000000      0.497546285      0.508109570    
      151000   0.00000000      0.500000000      0.501789749    
      152000   0.00000000      0.495925933      0.495548546    
      153000   0.00000000      0.515833318      0.540899158    
      154000   0.00000000      0.518379629      0.534171462    
      155000   0.00000000      0.508518517      0.527527511    
      156000   0.00000000      0.487777770      0.520966232    
      157000   0.00000000      0.487870365      0.514486432    
      158000   0.00000000      0.493240744      0.508087218    
      159000   0.00000000      0.494259268      0.501767695    
      160000   0.00000000      0.499675930      0.495526731    
      161000   0.00000000      0.506620347      0.540875375    
      162000   0.00000000      0.508472204      0.534147978    
      163000   0.00000000      0.523055553      0.527504206    
      164000   0.00000000      0.478240728      0.520943105    
      165000   0.00000000      0.489444435      0.514463663    
      166000   0.00000000      0.492361099      0.508064747    
      167000   0.00000000      0.498611122      0.501745522    
      168000   0.00000000      0.500416696      0.547663271    
      169000   0.00000000      0.512685180      0.540851533    
      170000   0.00000000      0.481296301      0.534124434    
      171000   0.00000000      0.515833318      0.527480960    
      172000   0.00000000      0.475972235      0.520920157    
      173000   0.00000000      0.495694458      0.514441013    
      174000   0.00000000      0.494398147      0.508042395    
      175000   0.00000000      0.497314811      0.501723289    
      176000   0.00000000      0.505046308      0.547639012    
      177000   0.00000000      0.510462940      0.540827513    
      178000   0.00000000      0.480370373      0.534100711    
      179000   0.00000000      0.519074082      0.527457595    
      180000   0.00000000      0.520046294      0.520897090    
      181000   0.00000000      0.524907410      0.514418185    
      182000   0.00000000      0.497314811      0.508019865    
      183000   0.00000000      0.493611097      0.501701176    
      184000   0.00000000      0.504490733      0.547614872    
      185000   0.00000000      0.509999990      0.540803730    
      186000   0.00000000      0.511898160      0.534077227    
      187000   0.00000000      0.485416681      0.527434409    
      188000   0.00000000      0.485138893      0.520874321    
      189000   0.00000000      0.481527776      0.514395833    
      190000   0.00000000      0.493564814      0.507997811    
      191000   0.00000000      0.507592618      0.554487646    
      192000   0.00000000      0.498703718      0.495439529    
      193000   0.00000000      0.513518512      0.540780187    
      194000   0.00000000      0.508657396      0.534054041    
      195000   0.00000000      0.515462935      0.527411580    
      196000   0.00000000      0.484490752      0.520851672    
      197000   0.00000000      0.492453694      0.514373422    
      198000   0.00000000      0.496435195      0.507975578    
      199000   0.00000000      0.503472209      0.554463446    
      200000   0.00000000      0.501944423      0.547567070    
      201000   0.00000000      0.501666665      0.540756464    
      202000   0.00000000      0.505185187      0.534030616    
      203000   0.00000000      0.516481459      0.527388394    
      204000   0.00000000      0.490324080      0.520828724    
      205000   0.00000000      0.492314816      0.514350712    
      206000   0.00000000      0.497453690      0.507953227    
      207000   0.00000000      0.498148143      0.501635253    
      208000   0.00000000      0.497777790      0.495395869    
      209000   0.00000000      0.504444420      0.540732443    
      210000   0.00000000      0.508101881      0.534006953    
 DONE ALL CONFIGURATIONS
 DONE SAVING CONFIG FINAL
 CLEAR MEMORY
  0.300000012      0.583434999    
 GDR DONE, SAVE
 GDR DONE CALC
 DONE
 ===================================================================
947.02user 9.06system 18:53.30elapsed 84%CPU (0avgtext+0avgdata 7164maxresident)k
8inputs+12672outputs (0major+1377minor)pagefaults 0swaps
