 =============================================================================
 NUMERO DE PARTICULAS
         216
 CONCENTRACION REDUCIDA
  0.200000003    
 NUMERO DE CICLOS
      210000
 MONITOREO EN PANTALLA (CADA CAUNTOS CICLOS)
        1000
 NUMERO DE PASOS PARA GUARDAR CONFIGURACION
         100
 FRECUENCIA DE CORRECCION EN DESPLAZAMIENTO
         100
 =============================================================================
 LONGITUD DE LA CELDA:   10.2598562    
 CONFIGURACION INICIAL LISTA
 ENERGIA DE LA CONFIGURACION INICIAL:   0.00000000    
 =============================================================================
 |CONFIG||ENERGIA PARTICULA||RATIO||DR|
        1000   0.00000000      0.951342583       6.61761761E-02
        2000   0.00000000      0.944027781       6.53530881E-02
        3000   0.00000000      0.952314794       6.45402297E-02
        4000   0.00000000      0.944212973       6.37374893E-02
        5000   0.00000000      0.948240757       6.29447326E-02
        6000   0.00000000      0.953703701       6.87051713E-02
        7000   0.00000000      0.952870369       6.78506196E-02
        8000   0.00000000      0.945138872       6.06251098E-02
        9000   0.00000000      0.957222223       6.61732703E-02
       10000   0.00000000      0.943611085       6.53502047E-02
       11000   0.00000000      0.941666663       6.45373687E-02
       12000   0.00000000      0.950231493       6.37346655E-02
       13000   0.00000000      0.954074085       6.95674047E-02
       14000   0.00000000      0.955694437       6.21590689E-02
       15000   0.00000000      0.948194444       6.13859296E-02
       16000   0.00000000      0.952083349       6.70037195E-02
       17000   0.00000000      0.937731504       6.61703348E-02
       18000   0.00000000      0.955694437       7.22259730E-02
       19000   0.00000000      0.944351852       6.45345300E-02
       20000   0.00000000      0.948055565       5.76621555E-02
       21000   0.00000000      0.946666658       6.29391670E-02
       22000   0.00000000      0.943750024       6.21563271E-02
       23000   0.00000000      0.954629600       6.13832287E-02
       24000   0.00000000      0.951620400       6.70007691E-02
       25000   0.00000000      0.945370376       5.98657541E-02
       26000   0.00000000      0.946481466       5.91211393E-02
       27000   0.00000000      0.953425944       7.13244751E-02
       28000   0.00000000      0.949861109       5.76595999E-02
       29000   0.00000000      0.952592611       6.95612580E-02
       30000   0.00000000      0.953564823       6.86960593E-02
       31000   0.00000000      0.948564827       6.78416118E-02
       32000   0.00000000      0.943564832       6.06170632E-02
       33000   0.00000000      0.939768493       6.61644861E-02
       34000   0.00000000      0.948611140       5.91185279E-02
       35000   0.00000000      0.957037032       6.45288229E-02
       36000   0.00000000      0.952685177       6.37262091E-02
       37000   0.00000000      0.950092614       6.29335791E-02
       38000   0.00000000      0.942083359       6.86930045E-02
       39000   0.00000000      0.953750014       6.78386018E-02
       40000   0.00000000      0.947685182       6.06143810E-02
       41000   0.00000000      0.957222223       6.61615655E-02
       42000   0.00000000      0.948750019       6.53386563E-02
       43000   0.00000000      0.948657393       5.83806485E-02
       44000   0.00000000      0.947638869       6.37234077E-02
       45000   0.00000000      0.953194439       6.29308149E-02
       46000   0.00000000      0.953101873       6.86899945E-02
       47000   0.00000000      0.953796268       6.78356290E-02
       48000   0.00000000      0.944027781       6.69918880E-02
       49000   0.00000000      0.946296275       5.41570894E-02
       50000   0.00000000      0.953148127       6.53357655E-02
       51000   0.00000000      0.944675922       6.45231232E-02
       52000   0.00000000      0.943055570       6.37205914E-02
       53000   0.00000000      0.944444418       6.29280359E-02
       54000   0.00000000      0.949351847       6.21453337E-02
       55000   0.00000000      0.946666658       6.78326264E-02
       56000   0.00000000      0.947638869       6.06090352E-02
       57000   0.00000000      0.948564827       5.98551892E-02
       58000   0.00000000      0.956203699       6.53328896E-02
       59000   0.00000000      0.942175925       6.45202771E-02
       60000   0.00000000      0.953703701       6.37177825E-02
       61000   0.00000000      0.954120398       6.29252642E-02
       62000   0.00000000      0.943518519       6.21426105E-02
       63000   0.00000000      0.958518505       6.78296536E-02
       64000   0.00000000      0.949166656       6.06063679E-02
       65000   0.00000000      0.950324059       7.31162578E-02
       66000   0.00000000      0.958148122       6.53300062E-02
       67000   0.00000000      0.952175915       6.45174384E-02
       68000   0.00000000      0.951990724       6.37149736E-02
       69000   0.00000000      0.944074094       6.95459098E-02
       70000   0.00000000      0.959814787       6.21398650E-02
       71000   0.00000000      0.950277805       6.13669679E-02
       72000   0.00000000      0.941666663       6.06036931E-02
       73000   0.00000000      0.941342592       5.98499067E-02
       74000   0.00000000      0.955185175       6.53271228E-02
       75000   0.00000000      0.956898153       6.45145923E-02
       76000   0.00000000      0.956250012       6.37121722E-02
       77000   0.00000000      0.953240752       6.29197210E-02
       78000   0.00000000      0.951898158       6.86778724E-02
       79000   0.00000000      0.953611135       6.13642633E-02
       80000   0.00000000      0.949351847       6.06010184E-02
       81000   0.00000000      0.952592611       7.31098130E-02
       82000   0.00000000      0.947453678       6.53242469E-02
       83000   0.00000000      0.944537044       5.83677739E-02
       84000   0.00000000      0.955787063       6.37093559E-02
       85000   0.00000000      0.957685173       6.29169419E-02
       86000   0.00000000      0.942361116       6.21343926E-02
       87000   0.00000000      0.948888898       5.55176064E-02
       88000   0.00000000      0.953472197       5.48270792E-02
       89000   0.00000000      0.948981464       5.98446280E-02
       90000   0.00000000      0.955462992       6.53213561E-02
       91000   0.00000000      0.951527774       7.12992921E-02
       92000   0.00000000      0.948611140       7.04124719E-02
       93000   0.00000000      0.948472202       5.69223277E-02
       94000   0.00000000      0.957962990       5.62143289E-02
       95000   0.00000000      0.945601881       6.13588281E-02
       96000   0.00000000      0.943564832       6.05956502E-02
       97000   0.00000000      0.944814801       5.98419681E-02
       98000   0.00000000      0.951111138       7.21940920E-02
       99000   0.00000000      0.947638869       6.45060390E-02
      100000   0.00000000      0.951481462       7.04093575E-02
      101000   0.00000000      0.949675918       6.29113615E-02
      102000   0.00000000      0.951435208       6.21288717E-02
      103000   0.00000000      0.944999993       6.13561086E-02
      104000   0.00000000      0.953842580       7.40207732E-02
      105000   0.00000000      0.945694447       5.98393194E-02
      106000   0.00000000      0.950648129       7.21908957E-02
      107000   0.00000000      0.951296270       7.12929890E-02
      108000   0.00000000      0.958611131       7.04062432E-02
      109000   0.00000000      0.956990719       5.69172911E-02
      110000   0.00000000      0.952083349       6.21261224E-02
      111000   0.00000000      0.947453678       6.13534003E-02
      112000   0.00000000      0.952175915       6.69682026E-02
      113000   0.00000000      0.952592611       6.61352500E-02
      114000   0.00000000      0.941157401       6.53126538E-02
      115000   0.00000000      0.952407420       6.45003021E-02
      116000   0.00000000      0.954490721       7.04030991E-02
      117000   0.00000000      0.951851845       6.95274249E-02
      118000   0.00000000      0.953472197       6.86626509E-02
      119000   0.00000000      0.947037041       6.13506660E-02
      120000   0.00000000      0.948379636       6.69652298E-02
      121000   0.00000000      0.949722230       6.61323145E-02
      122000   0.00000000      0.951111138       6.53097555E-02
      123000   0.00000000      0.948657393       6.44974262E-02
      124000   0.00000000      0.947685182       6.36951998E-02
      125000   0.00000000      0.951898158       6.95243180E-02
      126000   0.00000000      0.950138867       6.86595738E-02
      127000   0.00000000      0.951111138       6.78055882E-02
      128000   0.00000000      0.946712971       6.69622347E-02
      129000   0.00000000      0.942592621       6.61293566E-02
      130000   0.00000000      0.952685177       6.53068423E-02
      131000   0.00000000      0.951805532       7.12834597E-02
      132000   0.00000000      0.959999979       6.36923835E-02
      133000   0.00000000      0.950509250       6.95212558E-02
      134000   0.00000000      0.948425949       6.21178374E-02
      135000   0.00000000      0.954074085       6.78026155E-02
      136000   0.00000000      0.947037041       6.69592768E-02
      137000   0.00000000      0.943240762       6.61264509E-02
      138000   0.00000000      0.948148131       5.34574538E-02
      139000   0.00000000      0.947592616       6.44917339E-02
      140000   0.00000000      0.949166656       5.76239116E-02
      141000   0.00000000      0.943703711       6.28974140E-02
      142000   0.00000000      0.951990724       6.86535314E-02
      143000   0.00000000      0.950509250       6.77996278E-02
      144000   0.00000000      0.963425934       6.05795421E-02
      145000   0.00000000      0.950185180       5.98260574E-02
      146000   0.00000000      0.945879638       7.21748844E-02
      147000   0.00000000      0.940046310       6.44888729E-02
      148000   0.00000000      0.946250021       6.36867583E-02
      149000   0.00000000      0.936620355       6.95151091E-02
      150000   0.00000000      0.951111138       6.86504766E-02
      151000   0.00000000      0.952222228       6.77965954E-02
      152000   0.00000000      0.949305534       5.48076183E-02
      153000   0.00000000      0.951342583       6.61205873E-02
      154000   0.00000000      0.940416694       7.21716732E-02
      155000   0.00000000      0.952129602       6.44860044E-02
      156000   0.00000000      0.951342583       7.03875050E-02
      157000   0.00000000      0.948981464       5.14828824E-02
      158000   0.00000000      0.954027772       6.86474293E-02
      159000   0.00000000      0.951296270       6.77935928E-02
      160000   0.00000000      0.948287010       6.05741553E-02
      161000   0.00000000      0.949351847       6.61176592E-02
      162000   0.00000000      0.946018517       5.90767004E-02
      163000   0.00000000      0.939166665       6.44831508E-02
      164000   0.00000000      0.950972199       7.03843907E-02
      165000   0.00000000      0.948888898       5.68996295E-02
      166000   0.00000000      0.956296325       6.86444119E-02
      167000   0.00000000      0.951203704       7.49264807E-02
      168000   0.00000000      0.939027786       6.05715029E-02
      169000   0.00000000      0.947083354       6.61147609E-02
      170000   0.00000000      0.953842580       6.52924329E-02
      171000   0.00000000      0.953611135       6.44803271E-02
      172000   0.00000000      0.949907422       6.36783242E-02
      173000   0.00000000      0.953611135       6.95059150E-02
      174000   0.00000000      0.947638869       6.21041395E-02
      175000   0.00000000      0.957175910       6.77876621E-02
      176000   0.00000000      0.953657389       6.69445321E-02
      177000   0.00000000      0.947916687       5.98155074E-02
      178000   0.00000000      0.948564827       5.34456708E-02
      179000   0.00000000      0.943611085       5.83367981E-02
      180000   0.00000000      0.945416689       5.76112084E-02
      181000   0.00000000      0.949074090       5.68946451E-02
      182000   0.00000000      0.944351852       6.21014163E-02
      183000   0.00000000      0.950462937       6.77846819E-02
      184000   0.00000000      0.947638869       6.69415817E-02
      185000   0.00000000      0.957499981       6.61089644E-02
      186000   0.00000000      0.950833321       7.21589848E-02
      187000   0.00000000      0.953148127       6.44746721E-02
      188000   0.00000000      0.946666658       5.76086678E-02
      189000   0.00000000      0.946157396       6.28807768E-02
      190000   0.00000000      0.948842585       6.20986670E-02
      191000   0.00000000      0.950555563       6.77816793E-02
      192000   0.00000000      0.946944416       6.05635159E-02
      193000   0.00000000      0.951388896       7.30645731E-02
      194000   0.00000000      0.951111138       7.21557960E-02
      195000   0.00000000      0.944444418       6.44718185E-02
      196000   0.00000000      0.951111138       6.36699125E-02
      197000   0.00000000      0.957175910       6.94967210E-02
      198000   0.00000000      0.952962935       6.20959103E-02
      199000   0.00000000      0.947870374       6.13235720E-02
      200000   0.00000000      0.953240752       6.69356585E-02
      201000   0.00000000      0.940509260       6.61031082E-02
      202000   0.00000000      0.956574082       5.90636916E-02
      203000   0.00000000      0.954814792       6.44689575E-02
      204000   0.00000000      0.955555558       6.36670962E-02
      205000   0.00000000      0.952916682       6.28752038E-02
      206000   0.00000000      0.948611140       6.86292872E-02
      207000   0.00000000      0.955833316       6.13208562E-02
      208000   0.00000000      0.941851854       6.69326857E-02
      209000   0.00000000      0.950462937       7.30580911E-02
      210000   0.00000000      0.950601876       6.52780309E-02
 DONE ALL CONFIGURATIONS
 DONE SAVING CONFIG FINAL
 CLEAR MEMORY
  0.200000003      0.308256358    
 GDR DONE, SAVE
 GDR DONE CALC
 DONE
 ===================================================================
946.14user 9.22system 18:46.22elapsed 84%CPU (0avgtext+0avgdata 7284maxresident)k
16inputs+12672outputs (0major+1378minor)pagefaults 0swaps
