 =============================================================================
 NUMERO DE PARTICULAS
         216
 CONCENTRACION REDUCIDA
  0.100000001    
 NUMERO DE CICLOS
      210000
 MONITOREO EN PANTALLA (CADA CAUNTOS CICLOS)
        1000
 NUMERO DE PASOS PARA GUARDAR CONFIGURACION
         100
 FRECUENCIA DE CORRECCION EN DESPLAZAMIENTO
         100
 =============================================================================
 LONGITUD DE LA CELDA:   12.9266090    
 CONFIGURACION INICIAL LISTA
 ENERGIA DE LA CONFIGURACION INICIAL:   0.00000000    
 =============================================================================
 |CONFIG||ENERGIA PARTICULA||RATIO||DR|
        1000   0.00000000      0.954675913      0.147376105    
        2000   0.00000000      0.950555563      0.145543039    
        3000   0.00000000      0.955324054      0.143732786    
        4000   0.00000000      0.954444468      0.141945049    
        5000   0.00000000      0.949629605      0.154935271    
        6000   0.00000000      0.945138872      0.153008193    
        7000   0.00000000      0.957407415      0.151105091    
        8000   0.00000000      0.947731495      0.135013670    
        9000   0.00000000      0.945648134      0.162882164    
       10000   0.00000000      0.950601876      0.160856232    
       11000   0.00000000      0.941666663      0.158855513    
       12000   0.00000000      0.945231497      0.141938776    
       13000   0.00000000      0.955555558      0.140173331    
       14000   0.00000000      0.951574087      0.153001398    
       15000   0.00000000      0.955231488      0.151098385    
       16000   0.00000000      0.953333318      0.164926291    
       17000   0.00000000      0.952268541      0.162874922    
       18000   0.00000000      0.947546303      0.145530149    
       19000   0.00000000      0.955833316      0.158848494    
       20000   0.00000000      0.945879638      0.141932502    
       21000   0.00000000      0.952638865      0.140167132    
       22000   0.00000000      0.946111083      0.138423741    
       23000   0.00000000      0.958333313      0.136702031    
       24000   0.00000000      0.944351852      0.149212435    
       25000   0.00000000      0.949953675      0.147356525    
       26000   0.00000000      0.954768538      0.145523712    
       27000   0.00000000      0.949212968      0.143713713    
       28000   0.00000000      0.949490726      0.141926214    
       29000   0.00000000      0.950092614      0.154914722    
       30000   0.00000000      0.943101823      0.138417631    
       31000   0.00000000      0.952222228      0.166988730    
       32000   0.00000000      0.945046306      0.134995803    
       33000   0.00000000      0.954027772      0.162860617    
       34000   0.00000000      0.952499986      0.145517349    
       35000   0.00000000      0.953101873      0.158834517    
       36000   0.00000000      0.954027772      0.156858921    
       37000   0.00000000      0.946481466      0.140154794    
       38000   0.00000000      0.950509250      0.169084489    
       39000   0.00000000      0.949166656      0.151078418    
       40000   0.00000000      0.945972204      0.149199307    
       41000   0.00000000      0.946944416      0.133310884    
       42000   0.00000000      0.950462937      0.177757159    
       43000   0.00000000      0.942731500      0.143701121    
       44000   0.00000000      0.950277805      0.156852052    
       45000   0.00000000      0.941851854      0.154901132    
       46000   0.00000000      0.944120347      0.152974471    
       47000   0.00000000      0.950462937      0.166974053    
       48000   0.00000000      0.959120393      0.149192780    
       49000   0.00000000      0.947638869      0.162846312    
       50000   0.00000000      0.944861114      0.145504549    
       51000   0.00000000      0.948472202      0.143694773    
       52000   0.00000000      0.953148127      0.156845108    
       53000   0.00000000      0.937824070      0.154894263    
       54000   0.00000000      0.956342578      0.152967662    
       55000   0.00000000      0.945787013      0.151065066    
       56000   0.00000000      0.946064830      0.134977937    
       57000   0.00000000      0.946342587      0.147330567    
       58000   0.00000000      0.949074090      0.145498082    
       59000   0.00000000      0.952037036      0.143688381    
       60000   0.00000000      0.948240757      0.141901165    
       61000   0.00000000      0.949999988      0.140136212    
       62000   0.00000000      0.952592611      0.138393208    
       63000   0.00000000      0.949351847      0.151058406    
       64000   0.00000000      0.959120393      0.149179533    
       65000   0.00000000      0.945416689      0.147324041    
       66000   0.00000000      0.953055561      0.145491630    
       67000   0.00000000      0.943194449      0.158806413    
       68000   0.00000000      0.957870364      0.141894892    
       69000   0.00000000      0.952638865      0.154880539    
       70000   0.00000000      0.954351842      0.152954146    
       71000   0.00000000      0.946250021      0.151051700    
       72000   0.00000000      0.949074090      0.134966001    
       73000   0.00000000      0.951435208      0.179964080    
       74000   0.00000000      0.953379631      0.145485207    
       75000   0.00000000      0.956666648      0.158799395    
       76000   0.00000000      0.955138862      0.156824261    
       77000   0.00000000      0.957592607      0.154873699    
       78000   0.00000000      0.949027777      0.138380975    
       79000   0.00000000      0.951296270      0.151045039    
       80000   0.00000000      0.949305534      0.134960026    
       81000   0.00000000      0.957175910      0.147311017    
       82000   0.00000000      0.951944470      0.160792306    
       83000   0.00000000      0.951018512      0.158792377    
       84000   0.00000000      0.953750014      0.141882345    
       85000   0.00000000      0.954999983      0.126773074    
       86000   0.00000000      0.950092614      0.152940601    
       87000   0.00000000      0.948703706      0.151038334    
       88000   0.00000000      0.943842590      0.134954035    
       89000   0.00000000      0.946851850      0.147304475    
       90000   0.00000000      0.953472197      0.160785183    
       91000   0.00000000      0.951944470      0.143662944    
       92000   0.00000000      0.951481462      0.156810388    
       93000   0.00000000      0.948611140      0.140111431    
       94000   0.00000000      0.941666663      0.152933866    
       95000   0.00000000      0.946527779      0.151031688    
       96000   0.00000000      0.951574087      0.149153173    
       97000   0.00000000      0.945787013      0.133269623    
       98000   0.00000000      0.954120398      0.160778105    
       99000   0.00000000      0.958055556      0.143656611    
      100000   0.00000000      0.951481462      0.156803474    
      101000   0.00000000      0.938518524      0.154853150    
      102000   0.00000000      0.946064830      0.138362616    
      103000   0.00000000      0.952129602      0.151024997    
      104000   0.00000000      0.951805532      0.149146557    
      105000   0.00000000      0.954259276      0.147291481    
      106000   0.00000000      0.947222233      0.145459473    
      107000   0.00000000      0.951250017      0.158771336    
      108000   0.00000000      0.953425944      0.156796560    
      109000   0.00000000      0.947407424      0.140099064    
      110000   0.00000000      0.947592616      0.138356522    
      111000   0.00000000      0.948657393      0.136635646    
      112000   0.00000000      0.936712980      0.149139985    
      113000   0.00000000      0.949583352      0.147284999    
      114000   0.00000000      0.958981454      0.145453095    
      115000   0.00000000      0.941111088      0.143643960    
      116000   0.00000000      0.949537039      0.141857341    
      117000   0.00000000      0.950370371      0.140092939    
      118000   0.00000000      0.956990719      0.138350457    
      119000   0.00000000      0.956481457      0.151011735    
      120000   0.00000000      0.944351852      0.149133474    
      121000   0.00000000      0.950787008      0.162781551    
      122000   0.00000000      0.940925896      0.160756871    
      123000   0.00000000      0.943888903      0.158757389    
      124000   0.00000000      0.945833325      0.141851112    
      125000   0.00000000      0.945555568      0.154832765    
      126000   0.00000000      0.954814792      0.152906954    
      127000   0.00000000      0.958657384      0.136623666    
      128000   0.00000000      0.953148127      0.149126902    
      129000   0.00000000      0.946064830      0.147272080    
      130000   0.00000000      0.950416684      0.160749823    
      131000   0.00000000      0.945833325      0.143631324    
      132000   0.00000000      0.949583352      0.141844854    
      133000   0.00000000      0.951574087      0.171123400    
      134000   0.00000000      0.957083344      0.152900234    
      135000   0.00000000      0.951435208      0.150998458    
      136000   0.00000000      0.942037046      0.149120376    
      137000   0.00000000      0.943425953      0.147265628    
      138000   0.00000000      0.948009253      0.145433947    
      139000   0.00000000      0.946435213      0.158743486    
      140000   0.00000000      0.944212973      0.128330246    
      141000   0.00000000      0.952222228      0.154819191    
      142000   0.00000000      0.950833321      0.152893543    
      143000   0.00000000      0.948240757      0.150991872    
      144000   0.00000000      0.952916682      0.164810032    
      145000   0.00000000      0.946296275      0.147259176    
      146000   0.00000000      0.946388900      0.160735741    
      147000   0.00000000      0.948287010      0.129940778    
      148000   0.00000000      0.948240757      0.156762123    
      149000   0.00000000      0.948703706      0.140068293    
      150000   0.00000000      0.954490721      0.138326153    
      151000   0.00000000      0.947129607      0.136605650    
      152000   0.00000000      0.946157396      0.149107233    
      153000   0.00000000      0.949861109      0.147252649    
      154000   0.00000000      0.950416684      0.160728619    
      155000   0.00000000      0.951157391      0.143612370    
      156000   0.00000000      0.955601871      0.156755209    
      157000   0.00000000      0.950370371      0.154805496    
      158000   0.00000000      0.951157391      0.152880043    
      159000   0.00000000      0.950462937      0.166870981    
      160000   0.00000000      0.952407420      0.149100661    
      161000   0.00000000      0.951157391      0.162745744    
      162000   0.00000000      0.952453732      0.160721511    
      163000   0.00000000      0.949212968      0.143606037    
      164000   0.00000000      0.947314799      0.141819879    
      165000   0.00000000      0.945046306      0.140055925    
      166000   0.00000000      0.946018517      0.138313919    
      167000   0.00000000      0.956342578      0.150971830    
      168000   0.00000000      0.958564818      0.149094030    
      169000   0.00000000      0.949861109      0.147239611    
      170000   0.00000000      0.948472202      0.145408228    
      171000   0.00000000      0.943333328      0.158715397    
      172000   0.00000000      0.947407424      0.141813561    
      173000   0.00000000      0.948287010      0.140049681    
      174000   0.00000000      0.955462992      0.152866483    
      175000   0.00000000      0.952916682      0.150965124    
      176000   0.00000000      0.954351842      0.149087429    
      177000   0.00000000      0.946620345      0.147233099    
      178000   0.00000000      0.939120352      0.145401821    
      179000   0.00000000      0.952546299      0.158708394    
      180000   0.00000000      0.950648129      0.156734362    
      181000   0.00000000      0.953564823      0.154784888    
      182000   0.00000000      0.949166656      0.138301626    
      183000   0.00000000      0.951527774      0.150958419    
      184000   0.00000000      0.948703706      0.149080798    
      185000   0.00000000      0.941527784      0.147226542    
      186000   0.00000000      0.949675918      0.131548181    
      187000   0.00000000      0.950601876      0.158701330    
      188000   0.00000000      0.944027781      0.156727403    
      189000   0.00000000      0.947685182      0.154778033    
      190000   0.00000000      0.954583347      0.152852923    
      191000   0.00000000      0.941481471      0.150951743    
      192000   0.00000000      0.949074090      0.134876654    
      193000   0.00000000      0.952638865      0.162716851    
      194000   0.00000000      0.955740750      0.145388901    
      195000   0.00000000      0.945833325      0.158694297    
      196000   0.00000000      0.958935201      0.141794696    
      197000   0.00000000      0.951296270      0.140031070    
      198000   0.00000000      0.945740759      0.138289377    
      199000   0.00000000      0.952175915      0.150945067    
      200000   0.00000000      0.949398160      0.149067596    
      201000   0.00000000      0.945046306      0.147213489    
      202000   0.00000000      0.946944416      0.145382449    
      203000   0.00000000      0.950231493      0.143574163    
      204000   0.00000000      0.946990728      0.156713501    
      205000   0.00000000      0.953379631      0.154764324    
      206000   0.00000000      0.955185175      0.152839363    
      207000   0.00000000      0.950092614      0.166826591    
      208000   0.00000000      0.948611140      0.149061009    
      209000   0.00000000      0.951111138      0.162702456    
      210000   0.00000000      0.943796277      0.160678744    
 DONE ALL CONFIGURATIONS
 DONE SAVING CONFIG FINAL
 CLEAR MEMORY
  0.100000001      0.123818569    
 GDR DONE, SAVE
 GDR DONE CALC
 DONE
 ===================================================================
946.74user 9.77system 18:49.49elapsed 84%CPU (0avgtext+0avgdata 7148maxresident)k
16inputs+12664outputs (0major+1376minor)pagefaults 0swaps
