 =============================================================================
 NUMERO DE PARTICULAS
         216
 CONCENTRACION REDUCIDA
  0.400000006    
 NUMERO DE CICLOS
      210000
 MONITOREO EN PANTALLA (CADA CAUNTOS CICLOS)
        1000
 NUMERO DE PASOS PARA GUARDAR CONFIGURACION
         100
 FRECUENCIA DE CORRECCION EN DESPLAZAMIENTO
         100
 =============================================================================
 LONGITUD DE LA CELDA:   8.14325333    
 CONFIGURACION INICIAL LISTA
 ENERGIA DE LA CONFIGURACION INICIAL:   0.00000000    
 =============================================================================
 |CONFIG||ENERGIA PARTICULA||RATIO||DR|
        1000   0.00000000      0.716990769      0.162889376    
        2000   0.00000000      0.576851845      0.265329510    
        3000   0.00000000      0.492129624      0.320096791    
        4000   0.00000000      0.496388882      0.316115439    
        5000   0.00000000      0.496250004      0.312183619    
        6000   0.00000000      0.510740757      0.340753406    
        7000   0.00000000      0.512592614      0.336515158    
        8000   0.00000000      0.474768519      0.332329601    
        9000   0.00000000      0.512824059      0.328196079    
       10000   0.00000000      0.489351839      0.324113995    
       11000   0.00000000      0.493935198      0.320082694    
       12000   0.00000000      0.497083336      0.316101521    
       13000   0.00000000      0.500833333      0.345029831    
       14000   0.00000000      0.512453675      0.340738386    
       15000   0.00000000      0.477314800      0.336500317    
       16000   0.00000000      0.484722227      0.332314938    
       17000   0.00000000      0.522314787      0.328181624    
       18000   0.00000000      0.490694433      0.324099690    
       19000   0.00000000      0.493055552      0.320068568    
       20000   0.00000000      0.494675934      0.316087574    
       21000   0.00000000      0.499074072      0.312156111    
       22000   0.00000000      0.509120345      0.340723366    
       23000   0.00000000      0.488240749      0.336485535    
       24000   0.00000000      0.512592614      0.332300335    
       25000   0.00000000      0.493472219      0.328167200    
       26000   0.00000000      0.478981495      0.324085474    
       27000   0.00000000      0.492916673      0.320054531    
       28000   0.00000000      0.498472214      0.316073716    
       29000   0.00000000      0.507916689      0.344999492    
       30000   0.00000000      0.503425896      0.340708375    
       31000   0.00000000      0.508842587      0.336470723    
       32000   0.00000000      0.516759276      0.332285702    
       33000   0.00000000      0.489398152      0.328152746    
       34000   0.00000000      0.495555550      0.324071199    
       35000   0.00000000      0.526203692      0.320040435    
       36000   0.00000000      0.495925933      0.316059798    
       37000   0.00000000      0.515092611      0.344984293    
       38000   0.00000000      0.508333325      0.340693444    
       39000   0.00000000      0.472175926      0.336455911    
       40000   0.00000000      0.517824054      0.332271099    
       41000   0.00000000      0.481574088      0.328138322    
       42000   0.00000000      0.494259268      0.324056923    
       43000   0.00000000      0.488009274      0.320026338    
       44000   0.00000000      0.503101826      0.349313825    
       45000   0.00000000      0.504953682      0.344969124    
       46000   0.00000000      0.507314801      0.340678483    
       47000   0.00000000      0.520648122      0.336441129    
       48000   0.00000000      0.510416687      0.332256496    
       49000   0.00000000      0.479999989      0.328123957    
       50000   0.00000000      0.484120369      0.324042797    
       51000   0.00000000      0.496388882      0.320012391    
       52000   0.00000000      0.498842597      0.316032082    
       53000   0.00000000      0.501759231      0.344954014    
       54000   0.00000000      0.508564830      0.340663493    
       55000   0.00000000      0.503425896      0.336426347    
       56000   0.00000000      0.509722233      0.332241893    
       57000   0.00000000      0.478194445      0.328109533    
       58000   0.00000000      0.485509247      0.324028552    
       59000   0.00000000      0.490740746      0.319998294    
       60000   0.00000000      0.499305546      0.316018194    
       61000   0.00000000      0.505601823      0.344938904    
       62000   0.00000000      0.507129610      0.340648532    
       63000   0.00000000      0.507962942      0.336411536    
       64000   0.00000000      0.471898139      0.332227260    
       65000   0.00000000      0.515648127      0.328095049    
       66000   0.00000000      0.526898146      0.324014276    
       67000   0.00000000      0.496111125      0.319984198    
       68000   0.00000000      0.492407411      0.316004246    
       69000   0.00000000      0.500509262      0.344923675    
       70000   0.00000000      0.499768525      0.308192253    
       71000   0.00000000      0.517175913      0.336396694    
       72000   0.00000000      0.507083356      0.332212597    
       73000   0.00000000      0.512638867      0.328080595    
       74000   0.00000000      0.493888885      0.324000001    
       75000   0.00000000      0.491990745      0.319970071    
       76000   0.00000000      0.500694454      0.349252433    
       77000   0.00000000      0.501296282      0.344908476    
       78000   0.00000000      0.504305542      0.340618491    
       79000   0.00000000      0.502129614      0.336381912    
       80000   0.00000000      0.508148134      0.332198054    
       81000   0.00000000      0.521111131      0.328066200    
       82000   0.00000000      0.519722223      0.323985755    
       83000   0.00000000      0.498425931      0.319956005    
       84000   0.00000000      0.503287017      0.349237144    
       85000   0.00000000      0.511157393      0.344893396    
       86000   0.00000000      0.510555565      0.340603650    
       87000   0.00000000      0.474999994      0.336367220    
       88000   0.00000000      0.512870371      0.332183480    
       89000   0.00000000      0.485787034      0.328051776    
       90000   0.00000000      0.485601842      0.323971450    
       91000   0.00000000      0.493379623      0.319941849    
       92000   0.00000000      0.491111100      0.315962434    
       93000   0.00000000      0.506574094      0.344878018    
       94000   0.00000000      0.499305546      0.308151424    
       95000   0.00000000      0.509166658      0.336352140    
       96000   0.00000000      0.520324051      0.332168579    
       97000   0.00000000      0.523055553      0.328037113    
       98000   0.00000000      0.497129619      0.323956996    
       99000   0.00000000      0.485740751      0.319927633    
      100000   0.00000000      0.490462959      0.315948367    
      101000   0.00000000      0.499027789      0.312018633    
      102000   0.00000000      0.511481464      0.340573341    
      103000   0.00000000      0.504259288      0.336337268    
      104000   0.00000000      0.528194427      0.332153916    
      105000   0.00000000      0.487175912      0.328022569    
      106000   0.00000000      0.488981485      0.323942661    
      107000   0.00000000      0.499861121      0.319913447    
      108000   0.00000000      0.492222220      0.315934390    
      109000   0.00000000      0.501666665      0.344847351    
      110000   0.00000000      0.505787015      0.340558141    
      111000   0.00000000      0.499861121      0.304291606    
      112000   0.00000000      0.478888899      0.332139164    
      113000   0.00000000      0.488287032      0.328008056    
      114000   0.00000000      0.490416676      0.323928326    
      115000   0.00000000      0.492962956      0.319899291    
      116000   0.00000000      0.488703698      0.315920383    
      117000   0.00000000      0.496481478      0.311991006    
      118000   0.00000000      0.508611083      0.340543211    
      119000   0.00000000      0.508518517      0.336307555    
      120000   0.00000000      0.477083325      0.332124561    
      121000   0.00000000      0.517129600      0.327993631    
      122000   0.00000000      0.489027768      0.323914051    
      123000   0.00000000      0.495509267      0.319885164    
      124000   0.00000000      0.494305551      0.315906525    
      125000   0.00000000      0.509166658      0.344817072    
      126000   0.00000000      0.508055568      0.340528280    
      127000   0.00000000      0.508425951      0.336292803    
      128000   0.00000000      0.481620371      0.332110018    
      129000   0.00000000      0.484953701      0.327979237    
      130000   0.00000000      0.490833342      0.323899835    
      131000   0.00000000      0.494490743      0.319871187    
      132000   0.00000000      0.493750006      0.315892607    
      133000   0.00000000      0.493194431      0.311963499    
      134000   0.00000000      0.501990736      0.340513140    
      135000   0.00000000      0.501250029      0.336277872    
      136000   0.00000000      0.516250014      0.332095265    
      137000   0.00000000      0.485231489      0.327964664    
      138000   0.00000000      0.491666675      0.323885441    
      139000   0.00000000      0.497268528      0.319856972    
      140000   0.00000000      0.498703718      0.315878600    
      141000   0.00000000      0.501250029      0.344786555    
      142000   0.00000000      0.503240764      0.340498149    
      143000   0.00000000      0.512962937      0.336263090    
      144000   0.00000000      0.509398162      0.332080692    
      145000   0.00000000      0.480370373      0.327950299    
      146000   0.00000000      0.497638881      0.323871225    
      147000   0.00000000      0.497731477      0.319842935    
      148000   0.00000000      0.487824082      0.315864742    
      149000   0.00000000      0.498935193      0.311936021    
      150000   0.00000000      0.506898165      0.340483129    
      151000   0.00000000      0.510370374      0.336248249    
      152000   0.00000000      0.510925949      0.332066029    
      153000   0.00000000      0.520416677      0.327935845    
      154000   0.00000000      0.491620362      0.323857009    
      155000   0.00000000      0.497916669      0.319828868    
      156000   0.00000000      0.501990736      0.349098295    
      157000   0.00000000      0.504722238      0.344756216    
      158000   0.00000000      0.509768546      0.340468138    
      159000   0.00000000      0.509953678      0.336233437    
      160000   0.00000000      0.507222235      0.332051367    
      161000   0.00000000      0.506111085      0.327921331    
      162000   0.00000000      0.489074081      0.323842674    
      163000   0.00000000      0.495046288      0.319814712    
      164000   0.00000000      0.500462949      0.349082857    
      165000   0.00000000      0.498657405      0.311908543    
      166000   0.00000000      0.507916689      0.340453148    
      167000   0.00000000      0.501018524      0.336218596    
      168000   0.00000000      0.518379629      0.332036793    
      169000   0.00000000      0.512222230      0.327906936    
      170000   0.00000000      0.492500007      0.323828459    
      171000   0.00000000      0.484212965      0.319800675    
      172000   0.00000000      0.497962952      0.315823019    
      173000   0.00000000      0.502685189      0.344725847    
      174000   0.00000000      0.505138874      0.340438187    
      175000   0.00000000      0.508379638      0.336203814    
      176000   0.00000000      0.481018513      0.332022071    
      177000   0.00000000      0.477962971      0.327892363    
      178000   0.00000000      0.491898149      0.323814064    
      179000   0.00000000      0.495231479      0.319786489    
      180000   0.00000000      0.501435161      0.349052042    
      181000   0.00000000      0.501388907      0.344710529    
      182000   0.00000000      0.503148139      0.340423048    
      183000   0.00000000      0.507314801      0.336188912    
      184000   0.00000000      0.519953728      0.332007378    
      185000   0.00000000      0.482499987      0.327877909    
      186000   0.00000000      0.484861106      0.323799789    
      187000   0.00000000      0.484861106      0.319772363    
      188000   0.00000000      0.497037023      0.315795064    
      189000   0.00000000      0.494629622      0.311867267    
      190000   0.00000000      0.512222230      0.340408087    
      191000   0.00000000      0.516111135      0.336174190    
      192000   0.00000000      0.507824063      0.331992865    
      193000   0.00000000      0.483194441      0.327863544    
      194000   0.00000000      0.480138898      0.323785573    
      195000   0.00000000      0.491064817      0.319758356    
      196000   0.00000000      0.504259288      0.349021286    
      197000   0.00000000      0.500324070      0.344680160    
      198000   0.00000000      0.507361114      0.340393066    
      199000   0.00000000      0.502870381      0.336159319    
      200000   0.00000000      0.509074092      0.331978202    
      201000   0.00000000      0.486388892      0.327849120    
      202000   0.00000000      0.523564816      0.323771328    
      203000   0.00000000      0.502314806      0.353401601    
      204000   0.00000000      0.496064812      0.315767318    
      205000   0.00000000      0.497731477      0.311839849    
      206000   0.00000000      0.501342595      0.340378195    
      207000   0.00000000      0.492222220      0.304130822    
      208000   0.00000000      0.486296296      0.331963629    
      209000   0.00000000      0.478796303      0.327834696    
      210000   0.00000000      0.489212960      0.323757112    
 DONE ALL CONFIGURATIONS
 DONE SAVING CONFIG FINAL
 CLEAR MEMORY
  0.400000006      0.984240055    
 GDR DONE, SAVE
 GDR DONE CALC
 DONE
 ===================================================================
947.92user 6.96system 18:31.11elapsed 85%CPU (0avgtext+0avgdata 7132maxresident)k
8inputs+12656outputs (0major+1377minor)pagefaults 0swaps
