 =============================================================================
 NUMERO DE PARTICULAS
         216
 CONCENTRACION REDUCIDA
  0.999000013    
 NUMERO DE CICLOS
      210000
 MONITOREO EN PANTALLA (CADA CAUNTOS CICLOS)
        1000
 NUMERO DE PASOS PARA GUARDAR CONFIGURACION
         100
 FRECUENCIA DE CORRECCION EN DESPLAZAMIENTO
         100
 =============================================================================
 LONGITUD DE LA CELDA:   6.00200176    
 TOTAL DE PARTICULAS COLOCADAS EN LA CELDA:         216
 CONFIGURACION INICIAL LISTA
 ENERGIA DE LA CONFIGURACION INICIAL:   0.00000000    
 =============================================================================
 |CONFIG||ENERGIA PARTICULA||RATIO||DR|
        1000   0.00000000       0.00000000       5.98736815E-02
        2000   0.00000000       0.00000000       3.58485803E-02
        3000   0.00000000       0.00000000       2.14638636E-02
        4000   0.00000000       4.62962962E-05   1.28512057E-02
        5000   0.00000000       0.00000000       7.69449025E-03
        6000   0.00000000       1.38888892E-04   4.60697524E-03
        7000   0.00000000       1.71296299E-03   2.75836606E-03
        8000   0.00000000       7.12962961E-03   1.65153539E-03
        9000   0.00000000       3.25462967E-02   9.88835236E-04
       10000   0.00000000      0.109768517       5.92052180E-04
       11000   0.00000000      0.264814824       3.54483433E-04
       12000   0.00000000      0.450046301       2.12242303E-04
       13000   0.00000000      0.493194431       1.89640341E-04
       14000   0.00000000      0.507962942       2.06995464E-04
       15000   0.00000000      0.504675925       2.04420896E-04
       16000   0.00000000      0.517685175       2.01878342E-04
       17000   0.00000000      0.524166644       1.99367409E-04
       18000   0.00000000      0.512083352       2.17612716E-04
       19000   0.00000000      0.501666665       2.14906075E-04
       20000   0.00000000      0.524074078       2.12233092E-04
       21000   0.00000000      0.488796294       2.09593360E-04
       22000   0.00000000      0.494583338       2.06986442E-04
       23000   0.00000000      0.517129600       2.25928976E-04
       24000   0.00000000      0.493703693       2.23118885E-04
       25000   0.00000000      0.491250008       2.20343747E-04
       26000   0.00000000      0.461203694       2.40508729E-04
       27000   0.00000000      0.524398148       2.37517292E-04
       28000   0.00000000      0.500925899       2.59253895E-04
       29000   0.00000000      0.515787065       2.56029336E-04
       30000   0.00000000      0.485000014       2.52844853E-04
       31000   0.00000000      0.506712973       2.75984203E-04
       32000   0.00000000      0.501574099       3.01241176E-04
       33000   0.00000000      0.508287013       2.97494320E-04
       34000   0.00000000      0.492361099       2.93794088E-04
       35000   0.00000000      0.511388898       3.20680934E-04
       36000   0.00000000      0.503333330       3.50028335E-04
       37000   0.00000000      0.492500007       3.45674664E-04
       38000   0.00000000      0.486111104       3.77309392E-04
       39000   0.00000000      0.485462964       4.11839166E-04
       40000   0.00000000      0.512175918       4.49529034E-04
       41000   0.00000000      0.482962966       4.90668172E-04
       42000   0.00000000      0.488796294       5.91948046E-04
       43000   0.00000000      0.497037023       6.46120752E-04
       44000   0.00000000      0.531018496       7.79488066E-04
       45000   0.00000000      0.521296322       1.03937171E-03
       46000   0.00000000      0.540833354       1.53178570E-03
       47000   0.00000000      0.588981509       2.49511609E-03
       48000   0.00000000      0.736342609       4.06427914E-03
       49000   0.00000000      0.771435201       6.62027951E-03
       50000   0.00000000      0.720092595       1.07837329E-02
       51000   0.00000000      0.625972211       1.75655577E-02
       52000   0.00000000      0.526250005       2.86124293E-02
       53000   0.00000000      0.483425915       3.12309247E-02
       54000   0.00000000      0.495787024       3.40890549E-02
       55000   0.00000000      0.491481483       3.36650610E-02
       56000   0.00000000      0.504259288       3.67459506E-02
       57000   0.00000000      0.495324075       3.28328237E-02
       58000   0.00000000      0.494768530       3.24244462E-02
       59000   0.00000000      0.515740752       3.53918001E-02
       60000   0.00000000      0.509120345       3.49515975E-02
       61000   0.00000000      0.502083361       3.45168635E-02
       62000   0.00000000      0.500972211       3.40875387E-02
       63000   0.00000000      0.535231471       3.36635560E-02
       64000   0.00000000      0.507546306       3.67443077E-02
       65000   0.00000000      0.510138869       3.62872854E-02
       66000   0.00000000      0.480370373       3.58359478E-02
       67000   0.00000000      0.510694444       3.53902206E-02
       68000   0.00000000      0.494768530       3.16214636E-02
       69000   0.00000000      0.484537035       3.45153287E-02
       70000   0.00000000      0.514629602       3.40860225E-02
       71000   0.00000000      0.482453704       3.36620659E-02
       72000   0.00000000      0.496435195       3.32433768E-02
       73000   0.00000000      0.506620347       3.62856761E-02
       74000   0.00000000      0.490740746       3.24215591E-02
       75000   0.00000000      0.517731488       3.53886485E-02
       76000   0.00000000      0.489675939       3.49484831E-02
       77000   0.00000000      0.488796294       3.45137976E-02
       78000   0.00000000      0.476851851       3.40845250E-02
       79000   0.00000000      0.520833313       3.36605869E-02
       80000   0.00000000      0.503148139       3.67410742E-02
       81000   0.00000000      0.500092566       3.62840891E-02
       82000   0.00000000      0.496990740       3.24201435E-02
       83000   0.00000000      0.487546295       3.20169032E-02
       84000   0.00000000      0.508379638       3.49469632E-02
       85000   0.00000000      0.510833323       3.45122926E-02
       86000   0.00000000      0.471898139       3.40830348E-02
       87000   0.00000000      0.482592583       3.36591117E-02
       88000   0.00000000      0.508842587       3.67394537E-02
       89000   0.00000000      0.526064813       3.28270160E-02
       90000   0.00000000      0.504490733       3.58312093E-02
       91000   0.00000000      0.520370364       3.53855416E-02
       92000   0.00000000      0.506805539       3.49454135E-02
       93000   0.00000000      0.524490714       3.45107615E-02
       94000   0.00000000      0.497407407       3.40815149E-02
       95000   0.00000000      0.507268548       3.72005180E-02
       96000   0.00000000      0.515046299       3.32389846E-02
       97000   0.00000000      0.518796325       3.62808816E-02
       98000   0.00000000      0.484583348       3.24172825E-02
       99000   0.00000000      0.498148143       3.20140794E-02
      100000   0.00000000      0.499675930       3.16158868E-02
      101000   0.00000000      0.491805553       3.45092453E-02
      102000   0.00000000      0.517824054       3.40800248E-02
      103000   0.00000000      0.506296277       3.36561427E-02
      104000   0.00000000      0.491111100       3.32375281E-02
      105000   0.00000000      0.490231484       3.28241214E-02
      106000   0.00000000      0.499120384       3.24158594E-02
      107000   0.00000000      0.533425927       3.53824273E-02
      108000   0.00000000      0.485277772       3.49423401E-02
      109000   0.00000000      0.494814813       3.45077254E-02
      110000   0.00000000      0.498796284       3.40785123E-02
      111000   0.00000000      0.512129605       3.36546488E-02
      112000   0.00000000      0.500879645       3.67345810E-02
      113000   0.00000000      0.511481464       3.62776816E-02
      114000   0.00000000      0.518611133       3.58264633E-02
      115000   0.00000000      0.508935213       3.53808552E-02
      116000   0.00000000      0.491851866       3.16130966E-02
      117000   0.00000000      0.489583343       3.12198941E-02
      118000   0.00000000      0.526759267       3.40770073E-02
      119000   0.00000000      0.499212950       3.36531550E-02
      120000   0.00000000      0.504074097       3.67329568E-02
      121000   0.00000000      0.497037023       3.28212157E-02
      122000   0.00000000      0.520138860       3.58248800E-02
      123000   0.00000000      0.491481483       3.53792980E-02
      124000   0.00000000      0.505833328       3.49392481E-02
      125000   0.00000000      0.482175916       3.45046781E-02
      126000   0.00000000      0.509074092       3.40755172E-02
      127000   0.00000000      0.520324051       3.36516835E-02
      128000   0.00000000      0.503657401       3.67313474E-02
      129000   0.00000000      0.502175927       3.62744816E-02
      130000   0.00000000      0.506342590       3.58233005E-02
      131000   0.00000000      0.519953728       3.53777334E-02
      132000   0.00000000      0.478564829       3.49377058E-02
      133000   0.00000000      0.491759270       3.45031545E-02
      134000   0.00000000      0.498564810       3.08288559E-02
      135000   0.00000000      0.476435184       3.36501896E-02
      136000   0.00000000      0.490879625       3.32316495E-02
      137000   0.00000000      0.476805568       3.28183211E-02
      138000   0.00000000      0.497175932       3.24101336E-02
      139000   0.00000000      0.499675930       3.20070162E-02
      140000   0.00000000      0.475601852       3.49361598E-02
      141000   0.00000000      0.492037028       3.45016234E-02
      142000   0.00000000      0.531527758       3.40724923E-02
      143000   0.00000000      0.475555569       3.36486995E-02
      144000   0.00000000      0.501342595       3.67280915E-02
      145000   0.00000000      0.505092621       3.62712704E-02
      146000   0.00000000      0.516157389       3.58201228E-02
      147000   0.00000000      0.504583359       3.53745930E-02
      148000   0.00000000      0.494212955       3.16074938E-02
      149000   0.00000000      0.517870367       3.45000848E-02
      150000   0.00000000      0.512453675       3.76573913E-02
      151000   0.00000000      0.496342599       3.36472020E-02
      152000   0.00000000      0.520925939       3.32287028E-02
      153000   0.00000000      0.510509253       3.62696610E-02
      154000   0.00000000      0.517731488       3.58185470E-02
      155000   0.00000000      0.531296313       3.53730358E-02
      156000   0.00000000      0.514675915       3.49330641E-02
      157000   0.00000000      0.528796315       3.44985612E-02
      158000   0.00000000      0.495925933       3.40694636E-02
      159000   0.00000000      0.509768546       3.71873602E-02
      160000   0.00000000      0.492314816       3.32272239E-02
      161000   0.00000000      0.506111085       3.62680443E-02
      162000   0.00000000      0.475787044       3.58169414E-02
      163000   0.00000000      0.526018500       3.53714526E-02
      164000   0.00000000      0.502777755       3.49314995E-02
      165000   0.00000000      0.477870375       3.44970226E-02
      166000   0.00000000      0.494583338       3.40679549E-02
      167000   0.00000000      0.488796294       3.36442143E-02
      168000   0.00000000      0.504583359       3.67232002E-02
      169000   0.00000000      0.515046299       3.62664349E-02
      170000   0.00000000      0.493472219       3.24043669E-02
      171000   0.00000000      0.524166644       3.53698805E-02
      172000   0.00000000      0.496759266       3.16032916E-02
      173000   0.00000000      0.489861101       3.44954915E-02
      174000   0.00000000      0.509305537       3.40664424E-02
      175000   0.00000000      0.511203706       3.36427204E-02
      176000   0.00000000      0.527824104       3.32242772E-02
      177000   0.00000000      0.493796289       3.28110382E-02
      178000   0.00000000      0.485879630       3.24029326E-02
      179000   0.00000000      0.500324070       3.53683196E-02
      180000   0.00000000      0.486342579       3.49284075E-02
      181000   0.00000000      0.487962961       3.44939753E-02
      182000   0.00000000      0.494351864       3.40649374E-02
      183000   0.00000000      0.501435161       3.71824168E-02
      184000   0.00000000      0.510787010       3.67199443E-02
      185000   0.00000000      0.504490733       3.62632200E-02
      186000   0.00000000      0.517962992       3.58121805E-02
      187000   0.00000000      0.484722227       3.53667513E-02
      188000   0.00000000      0.516157389       3.49268615E-02
      189000   0.00000000      0.484537035       3.44924442E-02
      190000   0.00000000      0.526157379       3.40634286E-02
      191000   0.00000000      0.497500002       3.36397439E-02
      192000   0.00000000      0.484027773       3.32213379E-02
      193000   0.00000000      0.484907418       3.28081362E-02
      194000   0.00000000      0.501712978       3.58106010E-02
      195000   0.00000000      0.501018524       3.53651866E-02
      196000   0.00000000      0.499861121       3.15990970E-02
      197000   0.00000000      0.510972202       3.44909132E-02
      198000   0.00000000      0.491296291       3.40619199E-02
      199000   0.00000000      0.503240764       3.71791273E-02
      200000   0.00000000      0.500277758       3.67166996E-02
      201000   0.00000000      0.513425946       3.62600200E-02
      202000   0.00000000      0.487361103       3.23986374E-02
      203000   0.00000000      0.501712978       3.53636295E-02
      204000   0.00000000      0.507268548       3.49237807E-02
      205000   0.00000000      0.521851838       3.44894044E-02
      206000   0.00000000      0.496898144       3.08165792E-02
      207000   0.00000000      0.487916678       3.36367860E-02
      208000   0.00000000      0.474629641       3.32184099E-02
      209000   0.00000000      0.498564810       3.28052416E-02
      210000   0.00000000      0.493148148       3.23972031E-02
 DONE ALL CONFIGURATIONS
 DONE SAVING CONFIG FINAL
 CLEAR MEMORY
  0.999000013       13.6603184    
 GDR DONE, SAVE
 GDR DONE CALC
 DONE
 ===================================================================
906.58user 2.52system 15:25.09elapsed 98%CPU (0avgtext+0avgdata 7448maxresident)k
8inputs+12608outputs (0major+1380minor)pagefaults 0swaps
