   48.4491768       6.50696087       45.3678665    
   24.1416168      -12.9126320      -1.88545573    
  -41.5050926      -48.1653595      -14.8902540    
  -15.3612938      -27.4640636      -35.7205086    
   39.0005226      -11.0260096      -5.30859041    
   15.7679224      -47.1182938       14.6892815    
   14.2563553      -17.2363720       34.6350594    
  -9.61205292      -28.5427113       45.6233826    
   9.58151817       16.8437614      -4.19852686    
  -16.5520439      -38.9121628       24.8744125    
   10.2917318       21.3294888       38.6899071    
   15.4073429      -34.0109749       10.9365072    
   46.6088829       48.6032906      -23.6814632    
   4.95294380       15.4870300       5.25867128    
   46.5212326       39.1367302       15.3776960    
   22.2847786      -9.49829006       41.7370262    
  -34.2915688       16.9945469       26.2533207    
  -15.6457500      -37.4091187       11.1365395    
   31.2196541       43.5352249       22.5058327    
 -0.233317599      -12.1910133      -7.64326429    
   5.15135670       48.4842033       47.7515106    
   23.9840622       44.1841621      -39.6043205    
   22.7877293       24.5149422       43.5112534    
   20.0761375       30.5567818       5.70555544    
  -42.6783218      -1.91039526       9.51240540    
  -35.2948341       8.50998688       1.94437718    
   37.5743713      -19.1037197       16.5201454    
   16.0608120      0.358032256      -23.2162971    
  -41.2319374      -38.8277702       4.79717827    
  -12.1147499      -47.2116547       28.5222359    
   11.7702808       26.6417713       44.1668015    
  -37.5624275      -17.6769543       9.42769718    
  -43.9979935      -37.5661812      -27.6575260    
  -38.8936195      -41.5452576      -24.6489944    
  -5.51288271      -28.3973122       6.52386761    
  -46.3194275      -7.76160002      -9.94642258    
   46.4068489       18.7546501      -48.2054634    
  -36.0359344      -44.1319427       33.0853882    
   17.3801003       7.97984505       22.7392616    
  -37.3873100       33.1362076       32.6197701    
   24.0061417       33.4187126       2.80815721    
   16.1138363       22.4676552      -8.70478916    
  -14.0489120       22.9195137      -2.79290462    
  -3.63930178       25.2871189       19.7142048    
  -23.5677471       42.6209221      -4.27435541    
   30.0387192       39.8110161       18.9758415    
  -27.3144226       34.5632095       23.7977924    
  -19.3663483       16.7451992       11.5596161    
   45.5293350       47.7363739      -15.7738953    
   40.9716263      -15.6700163       41.9625320    
   4.53065062      -3.35816574      -31.4600525    
  -11.8801603      -31.6249466      -13.9382315    
   16.1325130       11.5435686      -3.02372074    
  -17.8922272      -22.5050030      -29.2197628    
  -8.23509026       46.6714592       4.20766830    
  -36.0751495       29.6737976       33.6738472    
   20.3542843       2.82122779       15.9537754    
   39.0214348       42.9577637      -37.5452995    
   35.7037506       12.8891554      -25.0456924    
  -33.0684967      -46.6190224      -30.1610947    
  -18.2731266       30.1515064       7.17823648    
   31.7691803      -20.7936649      -33.0569077    
  -16.4635334      -22.7997093       4.36049700    
   5.21146202      -46.5821037      -34.2026787    
  -38.4719963       11.1214085      -9.12479019    
   39.0982628       43.1207504      -33.4361725    
   42.5483131      -35.4953194      -12.5337229    
  -17.3801003       20.9318447       22.3674736    
  -11.8218660       32.0295334       44.1749458    
  -18.6549149       7.76462984      -25.9550514    
   33.5358124      -23.5515194       33.0820694    
   3.66672540       11.8377457     -0.893432319    
  -20.9506779      -25.7495632       14.7404079    
   10.4355593      -9.91791344       33.9633980    
   13.4002600      -23.4842472      -13.7461386    
   6.02062130      -36.8589859       46.5902977    
  -11.3726254       21.4902344      -13.8013515    
   39.9116516       4.25398350       44.7602577    
   41.8193321       12.9819307      -19.9022999    
  -31.6717911       33.3581200       11.5475035    
   20.0485344      -25.0795593       29.0135422    
  -10.6123638      -37.9796829       24.7025127    
  -45.7853584       19.5390663       2.45414138    
   24.5926609       14.3799267       36.1338692    
   32.2035294       44.5173187      -27.0438309    
   7.74049711       47.7871284       33.1038513    
  -31.6653709       20.4038391      -19.3237286    
  -46.2484283       40.5794487       18.3847771    
   25.0014381       42.1362953      -43.3302994    
 -0.102247663      -42.8931847      -31.9515915    
   18.3414917      -18.8300591       22.9013176    
   24.5545483      -10.1540222      -40.1388702    
  -43.9191132       27.2024765       17.6028786    
  -18.3481197       2.21667385      0.564419627    
  -5.98594284       8.53375340      -19.7351818    
  -19.9713764      -41.5021591       46.2471886    
   22.2170181       25.1311951      -18.5812054    
  -24.6843815      -23.6727695       11.4961967    
   42.6290245       47.9255829      -26.7953548    
   43.5536652       33.8651199       19.4870224    
   5.30140543      -5.68819046      -24.4230766    
   38.7218590      -34.4965744      -6.36885643    
  -4.15043592      -18.5613098      -1.85744023    
   18.4759274       30.2636089      -10.5003424    
  -20.1418610       7.39825726       21.9423485    
  -34.7844582      -16.2073078      -33.0690804    
   3.36857224       21.7459888      -26.4680710    
  -29.3088341       46.0206833       48.0608330    
  -40.7068520      -24.2576599      -27.6688213    
  -29.6232853       34.1065865      -44.3359337    
   35.4363174      -42.1497574      -7.07737589    
  -35.3155861      -37.0908356      -18.8954010    
   11.0262938       15.9364862       38.5511894    
   24.7016773       12.6459589      -27.1684132    
  -1.57382011       11.1999474       47.4850998    
   5.76331043      -12.5724926      -15.8139944    
   23.8979263       6.79033756      -4.27113390    
   14.4297647       17.8774147      -32.0952721    
  -22.0973759      -5.76817417      -4.11676121    
  -10.1992407       18.3387814      -19.5829391    
  -28.7030792      -29.9634018      -7.88727236    
   18.5638161      -35.0004196      -34.6902084    
   15.8196650       7.36876774       26.7729282    
   26.8066254       25.8384914       36.6622086    
  -39.0260086      -16.1138134       14.1282921    
  -35.8706779       29.9466400       4.07725430    
  -22.8095226      -4.00449610       1.06380641    
  0.470726967       44.9645958       4.89157915    
  -30.2219715      -29.1031380      -24.4663334    
   45.7745056       26.9132957      -22.1329842    
 -0.296922773      -9.85892773       11.0320749    
  -40.3838997       23.0777569       35.3338890    
  -15.4789915       18.9334049       13.8156815    
  -40.3617973       20.2521763       9.00312805    
  -26.0195446      -41.3645287      -17.1050472    
   40.2242165      -28.7946892      -4.59918308    
   22.1206913      -45.9254990       1.65825558    
   26.0631485       38.4007111       43.2816048    
  -20.4673405       3.06393600      -26.0157433    
  -18.2306252      -34.9063721      -15.3284731    
  -33.7372322       34.0044670       45.9652977    
  -5.75244570       26.7233448      -4.26357174    
   35.4927330       22.1987591       13.3728886    
   21.8154736       10.1475401      -46.1264534    
  -20.1791401      -29.4855461       43.6878510    
   3.10097671      -47.6781044      -4.66073370    
   44.7228622      -16.8740635       19.8868961    
   28.2819405       21.7691994       22.2942448    
  -5.31836462      -11.5115891       41.1135445    
   24.1898746      -7.13456202      -27.5151386    
   22.3388252       28.9116898       5.68888664    
   37.5294189      -11.3804722      -25.2395725    
  -18.0060196      -6.53331661      -44.0145760    
  -7.39263344       23.1093998       36.2994881    
  -18.6969929       33.4300842       30.7790318    
  -9.07515526       35.5402184       34.2999039    
   1.17647207       26.9154434     -0.695245802    
  -28.7394753      -5.34281063      -6.47003078    
  -43.3592567       19.5230293       40.8226471    
  -10.8071728      -24.4526367      -13.0142756    
   48.5566902       15.7822351      -31.1854172    
   36.2596092      -24.9317856      -37.3533134    
   30.9861851       3.47042513       47.5235558    
  -8.14962101       30.0103550      -25.3231487    
   45.7907372      -12.0433493       12.9896851    
  -35.3564034       26.1421337      -38.8327065    
   5.05818653       32.2941208      -11.9517698    
   35.8108749       12.1388121       5.09396744    
  -28.0815487       31.4243870      -13.2815752    
  -26.2400341      -16.6397591       17.5362720    
  -6.90914345      -4.64425087       41.6377831    
  -5.23566437       16.2856560       27.3477421    
   28.3188896      -29.4321327      -23.7222252    
   17.2160873       38.8064003      -12.1703396    
  -46.7357788      -9.54239941       47.8068008    
   46.2280807       45.7926636       45.6523743    
  -12.1982908      -39.2139168       24.4138489    
   31.5987129       21.8550110      -12.9455976    
   11.8846474      -18.8590679      -19.3503876    
   17.1749611       32.1395302       5.48444366    
   5.78836584      -16.7673645       22.4644985    
  -33.2771492       3.20117545       27.6730347    
  -27.6753559      -17.0098686      0.141215190    
  -26.9804935      -3.26215744      -30.4975414    
  -29.6883297      -28.5384102       39.5147858    
   29.2041836       22.8777771      -8.24286747    
   30.2820187       47.5547600     -0.864656448    
  -27.3311596       25.5004005       39.6611252    
   8.72841167       36.0886040      -44.9275055    
   42.6529236      -44.1197205       38.6653175    
  -46.7640953       48.6132202       46.7585030    
   10.8729076       8.52677155       45.0113258    
   38.3087311      -28.9960899      -47.4469376    
  -23.8574677       38.0173950      -22.4373302    
   37.8802567       1.86410892      -12.9306183    
   47.1117096       36.7051239       17.6681271    
  -13.3925867      -29.3882561      -30.4557648    
   47.4847755      -30.9007111      -47.5346260    
   43.2063789     -0.785607040       46.7908630    
   11.0308905      -13.3706598       3.15276504    
  -34.4903412      -35.7526741      -11.5695934    
   19.5079632       4.84246635       31.7020588    
   3.63586593       15.8069248      -43.5095406    
  -31.9906578       11.5542822       25.1937389    
   39.9288940       20.8379612       23.3708382    
  -13.9534025       31.3407936       5.06884241    
   14.6842031      -30.4227924       30.9949207    
  -46.5059776       15.3050890      -37.0368843    
  -11.1637659      -25.0595932       45.3123055    
  -1.43230891       47.9418678      -21.2974453    
   46.5864601       44.0974960      -25.0145073    
  -8.11892986       22.9588184      -29.6713886    
   13.5681152       12.6274500      -38.6700478    
  -35.1766853      -4.38947582       47.1645851    
  -7.31127405       19.9425373      -13.1065063    
  -29.1754265      -8.80343246      -25.3927727    
   19.9620266      -40.9864273      -28.8403416    
  -46.9972229      -16.1338367      -20.9492283    
   33.6341934     -0.541981697       20.4590111    
  -23.8908463       31.4247589      -21.2649727    
   12.1521845       23.9351063       36.4113655    
  -36.2333412      -21.5017204       41.2354088    
   47.3529167       28.1693516      -14.8079309    
   25.7382565      -29.8847980      -42.4148636    
  -44.2835197      -34.4198036       29.8842926    
   15.1921158      -24.8619347      -17.1022263    
   47.0970268       11.0765152      -20.2028313    
 -0.432148308       22.9927235      -44.8373795    
  -47.1620903      -2.09123373       26.9351540    
   39.6238518       40.4289093      -16.1806450    
  -19.5415745       32.0069275      -3.95699096    
  -47.2413750      -15.6676369      -43.0199165    
  -39.6531219       14.7746048      -10.2060604    
   11.6780157       31.6678448      -15.6697149    
  -18.6501732      -13.5426188      -8.59948349    
  -3.80266476      -11.4498758       13.9358168    
  -25.1562920       21.0013523       34.7430878    
  -32.7233047       22.5229149      0.965783954    
  -21.4062176       48.0106735       25.4385490    
  -45.5008621       20.1232834       16.7567139    
  -39.9190903      -3.77889776      -22.9959106    
  -14.0713787       21.7278004      -46.0292282    
   8.26115513       18.9143448      -37.9082603    
   2.55676055       48.0711060       22.0311298    
   25.3645954      -28.8597736       35.3712311    
  -29.9428082      -40.1023865      -25.1923809    
   39.9741287       32.1195450      -41.1359062    
   36.1720047       5.56880951      -10.0112753    
   48.6195984       26.2927113       27.8158932    
   24.6740208       5.86391544       18.9317150    
   36.5744133      -47.2907677      -20.8631496    
  -31.0305328       29.9633827       5.11597586    
  -1.37890124       3.57740307      -44.2716103    
  -34.6807289       27.2773285       26.3516788    
  -33.1529274      -3.02250195      -32.8133469    
   4.75695133      -18.9841652      -33.6507645    
   7.30506372      -34.6564751      -29.8647861    
   18.6061153       43.8364601      -35.8908501    
   20.4478912      -11.7109938      -9.93397236    
  -48.5888557      -8.45304489       29.5834007    
   36.7940216      -34.9776802      -44.4947510    
   6.39254236      -43.0194893       36.1600609    
  -15.1594915     -0.989945710      -21.2063637    
  -25.4570808       4.83438730       20.8255348    
   39.2247124       25.0615196       3.81957173    
   14.2088852       26.9675980       36.9061012    
   10.0040550      -42.6966858      -5.92802572    
  -47.8391457      -19.5160999       46.1065407    
   44.3216515      -27.9182320       16.9397812    
   3.52047253      -13.6617384      -48.5531197    
   34.0258827      -7.64655495       24.1335602    
  -47.5529709       11.1364584      -5.41047287    
   15.8388700       18.3788738       42.7593117    
   21.1038837      -4.70648623       13.0973301    
  -26.8562202      -9.91632271       32.1428032    
  -35.1508751       24.9210186       28.5294266    
  -26.4947681       2.73490596      -35.3028221    
  -31.7486343      -34.3212967       30.1867828    
  -24.1988029      -8.75797653       44.4604683    
   21.3968658       32.6575508       26.9562740    
   3.68885565       10.8365812       18.9024525    
   9.80387783      -39.3049965       4.79044580    
  -20.1664181      -28.6418247       33.4055023    
   14.7517900       45.0920906       10.7067938    
  -9.35943127      -36.1631470      -35.2693901    
  -27.7393208       2.24053383       20.4218426    
   2.18008590      -30.7256870       35.3552589    
  -18.0821018      -48.3883934       48.6456985    
   37.0409622      -24.9497128       4.27687979    
   25.4139977       17.6852131      -7.66233015    
   9.22419357      -5.21425390       43.2824860    
  -32.4882622       46.2108192      -40.2239189    
  -33.9724655       39.9135742      -28.6738052    
  -27.1143208      -35.6245499       19.2260723    
   46.4529152      -48.4106178     -0.562765539    
  -24.5713730       39.1994514      -38.5290642    
   26.8001194      -38.5033607       11.7543144    
  -16.1315727       46.5193748       18.6885834    
   31.9073029       45.5832939      -21.6716118    
  -13.0430403      -33.6694374       46.8276138    
   42.0407562      -25.8745556      -36.6716461    
  -13.0263710       33.0531120      -36.4379196    
   47.7105637      -1.94637954       44.9314804    
   44.8442802       24.6577072       14.1775379    
   16.0553570       36.9331474       22.3602829    
   19.1120949       3.34456730       24.2272873    
   31.8177891      -48.2847748      -26.7894917    
  -8.36318207       12.5280180      -43.9394226    
   15.8913660      -31.3705845       7.99434900    
   44.8924408      -20.8362026      -21.4181728    
   36.8363457       17.2336559      -25.6873512    
  -30.5351105      -42.6420517      -32.4367943    
  -27.8825798      -7.14042997      -39.2685127    
  -25.8021069      -36.0558739       43.1262169    
  -16.0138111      -41.8925056     -0.718908429    
   19.1492176       23.5931396      -36.8413734    
   4.03881454      -4.79807758       18.0297108    
   32.5187454       42.0787888       25.9483128    
   9.10886383      -9.27692223       48.6574745    
  -35.5690460      -13.6187191      -37.6956329    
   12.8222475      -33.5043678      -9.32982540    
  -30.6321106       18.0424900       10.9651670    
  -24.8836765      -34.5945358       21.2270260    
   31.1464310      -37.1285973      -36.3437653    
  -20.8045483       47.3969917      -24.7840576    
  -1.05827522      -45.7953529      -25.8075562    
  -4.50127697      -20.6061993       20.9417934    
  -6.24115896       10.8676901       6.03560734    
  -15.2708521       26.4456844     -0.181511804    
  -4.49939632       19.0508175      -31.0166092    
  -5.70703554      -6.15797710      -42.9660530    
  -12.7703314      -6.73369122      -29.3430195    
  -10.2246447      -24.6453972      -42.6336365    
   39.6944580       1.92209589      -40.4484634    
  -10.1319504      -38.8047142      -44.0233765    
  -25.3538742       13.9692297       4.75833273    
  -30.7359428      -7.11800337       12.4257755    
  -40.1916161       3.61294627       33.5691681    
  -8.81458855      -28.9052238       31.8550777    
   45.3594017      -11.9053497       14.3269081    
   17.3075294      -5.28845692      -31.9305058    
  -14.4092770      -16.6372929       24.0343590    
  -22.2488594       5.96820021      -35.7903671    
   29.0540085      -28.6317501      -46.1010513    
  -29.5783100      -47.9228973       31.3322735    
   43.2776871      -3.11636853      -37.6259689    
  -33.0588531       33.6170845       34.4417419    
  -19.3390636      -24.2293301      -29.1278858    
  -23.2927685      -23.6515617       12.5239372    
  -2.53461838       36.0179939       14.4704914    
   37.9204178       28.7493248       37.0181541    
  -27.7780514       43.9968758       21.3360424    
  -37.9121819       44.5444107       14.3087997    
   7.96769762      -47.4285507      -21.7949162    
   29.2562504      -16.7582569       7.73182631    
  -46.3535919       16.5442486      -31.0184441    
  -20.7777328       15.4294033       8.66285610    
  -42.4843445      -35.7537155       23.5316124    
   3.23104262E-02  -45.6253166       47.7850647    
  -48.3534355       19.4058018       25.2248249    
  -23.9326630      -16.4107990       7.09522295    
   47.8674583      -1.00538993       5.95312738    
   10.3619366      -40.3442421      -23.5475559    
  -2.88212824       30.5095787       21.8721504    
   48.0081329      -42.2939644      -41.4027824    
   32.2495880      -8.49597073       15.7773371    
  -23.9501095      -1.65167964       10.9450216    
   17.8199863      -9.67409611      -28.1602802    
   39.9146805      -2.36831880       34.6960411    
   40.5896835       1.49919331       21.3147583    
  -20.6867809      -42.6486931      -12.0238314    
  -23.4677925       3.93479681       3.34417248    
  -45.6641197      -7.57724428      -7.46745729    
   14.4702883      -33.2040901      -10.9339533    
   10.1156530       3.89826703       20.0590973    
  -37.2615280       34.5511971       7.83402157    
   2.25322127      -2.38719893      -45.3807106    
   25.9850693       31.0104046      -43.2015038    
  -27.9737301       23.6848946      -18.5160561    
  -37.4855843       35.8494186      -13.6913614    
   39.7851372      -28.0162430      -13.7349777    
  -39.4976387       14.7898340       39.4009476    
   25.6931725       38.2144852       32.6504784    
  0.741886139     -0.436849475      0.400667846    
   26.1556625      -11.3567286      -39.7468414    
   41.4877739       20.2701397       32.2562752    
   29.3180447       8.67738342       30.6719894    
   21.3508472       48.5078659       42.5377960    
   18.5977917       21.5073433       12.9928598    
   37.5483170       25.4434071       17.9215946    
   35.3213120      -19.7619781       47.0216446    
  -39.2272835       13.2214355      -42.1968765    
  -31.8447132      -3.52159262      -5.93192005    
   29.6117172      -6.92588806       25.5569248    
   20.2866859      -24.6862450       39.0641060    
  -42.5137749      -46.9389229       43.5625381    
  -1.10814834      -11.2370920      -40.7259712    
  -1.98199236      -29.2578239      -14.1949615    
  -6.68883276       39.5593491       42.4791451    
   23.8999462       45.5516586       36.8616447    
  -23.5367432       28.6028461      -40.9822197    
  -46.9209404      -16.1563854      -16.0849609    
  0.417400539      -11.5991583       38.2916794    
  -23.2482529     -0.546160519       23.3349762    
   11.4926910       17.2208061       22.8494263    
   35.6215401       15.4910583       39.1503220    
  -22.2058048       42.2402954      -35.0349121    
  -15.9363289      -2.51504183      -48.5631218    
  -26.1189995       44.6359329       37.5634079    
   5.49823952      -15.8415051      -30.5128689    
  -11.3954811       16.1657410       40.3187103    
  -8.50526810       47.5506744      -32.3439941    
  -36.5456276      0.817540228      -2.49778676    
  -33.4854164      -1.28894627       29.8830795    
   47.5046692      -40.3755417       44.8863831    
   19.6224518      -1.86457908      -5.62945461    
  -46.2749481      -25.1509705      -37.2547264    
  -48.2720413      -23.2252750       9.48206234    
  -45.5752144      -2.15245342      -21.9927902    
  -41.1291809      -41.1986542       34.9541817    
   7.00020123      -40.4584045       6.70174026    
   11.7067165       23.2537899       47.6188965    
  -19.7701607      -43.3873634       44.4277115    
   34.3742065      -43.3594933       45.8637238    
  -1.27123272      -3.31215239      -41.2400627    
   27.9731674      -17.1666908       21.3688622    
   22.1122398       1.78611588      -18.0561066    
   39.8892479       27.4228802      -1.85935557    
  -46.6885567      -34.2563972       36.4406967    
  -4.22720432      -29.4271526       14.8671370    
   29.5251865      -25.7445316      -1.38839638    
  -26.6830311      -37.2316513       32.4790421    
  -4.48428297       38.0816231      -33.4988899    
  -30.3299465      -33.8767395       10.0874052    
   41.7395744       45.5348091      -36.9082108    
  -32.5142746       35.2693558       24.1980934    
   43.0461159      -20.4021912      -27.4551086    
   16.4758682       41.4652786       12.1107683    
   17.1397381      -48.4726372       9.55868530    
   31.6708336       43.1736526       3.11686778    
  -11.2275038       16.8240166     -0.605639100    
  -37.2181282      -45.8011971      -24.5425625    
  -22.4543285       31.0241203      -45.8765717    
   23.2193375       32.5742264      -31.7353210    
   28.6863346       6.24005032     -0.473756611    
 -0.181041688      -24.2159061      -6.65960407    
  -32.2775116      -16.8985081      -47.0542068    
  -30.8240929      -4.85874605       45.5112000    
  -27.1897545      -7.73367739       17.2084961    
  -24.4066353       27.3584614       32.1059875    
  -32.9355431       40.9556618      -30.0425320    
   28.9810009       47.1241837       37.4102898    
   19.2755051       29.6975880       30.3562679    
  -11.2748232       13.3292894      -25.6138382    
   29.2659664       20.4986343      -48.1652451    
  -27.3393669       38.8785133       9.62105465    
  -8.94234943      -38.9207840      -38.4389114    
   7.10880423      -25.4496098       14.6358213    
   39.1360626      -2.89935994       7.39988232    
   25.2096367      -8.50663185       48.5680122    
   5.82462311      -27.7366447      -41.3723946    
  -33.6951485      -4.04887867       38.3424110    
   11.5572424       13.5021191       40.4276085    
  -13.4908533       40.3513145      -33.8512077    
   46.2085876      -8.28026772       23.5478802    
  -45.7250977      -1.43470597       40.0777206    
   39.1881752       40.9120216       1.95541620    
   22.9196529       31.7918282       19.8236904    
   16.9297047      -41.2307549      -3.13156915    
   47.9826584       8.22960472       6.21581316    
   8.28155041      -11.1390171       30.5232067    
  -8.03559780      -16.2015038       3.46192837    
   41.6185188       23.7859459      -19.9778423    
   6.78633261      -18.4602737      -2.97141576    
  -33.7051201       9.44410419      -10.9690676    
  -30.1736240      -38.8996201      -47.9631882    
  -7.98225927       7.04978991      0.898528159    
   18.6428604       13.0815611       45.9042625    
   45.8511009       22.8530884       41.4973183    
  -42.3572159      -28.2189865      -23.6640816    
   18.2366676       23.3104134       2.85378766    
   7.17372131       12.1627483      -31.1014385    
   12.0340862      -17.9518452       17.2167263    
  0.350916624      -28.2686787      -24.6252441    
  -5.64571142       9.29836845       18.0081310    
   18.1638451      0.152480602       45.2487030    
  -29.4431133       11.4300203       40.5248108    
   32.1699715      -8.14620876      -46.3438301    
   39.2728958      -45.3417130      -1.44801426    
  -35.9410667      -32.7180290       14.9033127    
  -9.66164112      -42.3373413      -24.5143147    
   13.8031797       12.5410185      -24.4230423    
  -35.9331512      -31.1690731       11.3588295    
  -9.07184124       29.4311695      -28.3294697    
  -39.3856468      -15.5283136       39.0469933    
  -40.8121872       17.3767815       1.53745851E-02
   39.3833771      -42.6025810       21.7261639    
  -16.2523994       8.83121586      -42.7035751    
  -44.3099098       7.96052361      -6.58300972    
  -39.0745621       44.5730743       26.4946651    
  -34.3411522       21.6913872       48.3409920    
  -17.1807766      -42.8590508      -47.1953278    
   38.6482773       32.3284683       24.7487125    
  -15.2098179      -19.7708988       4.17527628    
  -13.2114639      -40.0770264      -5.58152008    
   47.2391357       47.9938583       41.8208809    
   1.28442502      -40.5339699      -11.6934662    
   48.5016060      -29.7956619      -36.3601265    
   24.6659069       25.3591099      -39.4152832    
   10.2087650      -40.0329247       40.0147820    
   43.4046135       21.3446026      0.504000843    
  -29.9163609       17.3770657      -4.06722498    
  -8.65736008       8.21698761      -30.6822910    
   2.78903341       43.0909119       46.3241425    
  -2.94081736      -43.4061623      -4.71157598    
  -28.9884987      -43.9158325       45.3525772    
   20.9065514       36.0183945      -32.9061470    
 -0.807389200       15.4626541      -21.1296310    
  -40.0133286      -45.3902512      -11.6049042    
   12.6760006       22.2336121       36.5544968    
   6.73616934      -27.0556602      -11.6142082    
  0.970636070       37.1575928      -48.4267616    
  -18.8766708       39.8125153      -18.1364326    
  -16.9758224      -41.4839172       35.0613251    
  -45.8199768      -29.5748978       21.6470146    
  -33.5426598       26.1344376       47.1026115    
  -6.74569941      -21.7815151      -43.2114410    
  -34.9139137      -10.6074657      -15.4351263    
  -1.61866701      -30.4297638       14.1842241    
   3.67818809     -0.864679694      -10.4662333    
  -36.9436493       11.7643900      -6.73162508    
   10.5878944      -25.8566628      -30.7780514    
  -39.9749031      -11.7892656      -47.6856766    
   33.4279938       7.01124620       45.5197411    
  -35.1728096      -38.4627495      -30.4818649    
  -28.7267075       42.3955193       26.4037991    
   16.3386288       6.91371727       24.9213371    
   36.9990654      -19.5809994       21.6483154    
  -39.7556648       31.3812466      -6.25377083    
  -17.7765369      -12.4996309       6.91607332    
  -42.9654083      -29.4961681       24.4877205    
  -2.24964023      -34.9103317       1.23147583    
  -46.1369934      -15.4390202       27.7099648    
  -17.5856991       2.37792993       20.5943756    
   13.4468422       1.07640672       19.3515816    
  -25.7109966      -35.1540337      -6.97618484    
   9.52647972       38.3756104       48.6275978    
   41.6379814       17.9229755      -30.1249409    
  -10.7495108      -40.0307465       19.2022476    
   23.4072056      -39.3152695      -41.7660141    
  -27.5825291      -43.5743484      -19.3549786    
   24.0225887       12.7742262       14.2696924    
  -39.4728508      -32.9548454      -12.5184298    
   8.85210419      -27.7799320       30.0217533    
  -37.6203384      -14.0546865      -32.2533302    
  -22.7526226       48.6117630      -2.49562192    
  -11.8329287       45.1952667      -44.2787285    
   2.83731604       40.0685387      -29.0588188    
   40.0313644      -1.97300208      -6.37951279    
  -16.9696827       43.8105583      -13.6574659    
   25.3986340      -45.4258118       47.8906822    
  -46.3156967      -45.8366013      -22.1566105    
   24.2087154      -20.8876476      -26.6086941    
  -6.87087250       26.5068932       8.66351223    
   1.95871282      -47.3804092      -17.0210705    
  -12.5367174       32.5892296      -23.2371387    
   23.1459064      -44.5092545       33.3257675    
  -35.1479263       37.9674873       3.56673551    
  -35.9132614       1.24472034      -11.6183748    
   39.0297279       33.0795021       29.2650032    
  -7.89910078      -1.79808354      -29.1718731    
   44.9920654       48.0705605       29.1754837    
   39.5946426       20.6407261      -9.64395046    
   24.3729954      -26.2163143       7.75465870    
  -4.23978710      -45.6802788     -0.722384930    
  -23.8741722       24.8108654      -23.4148788    
  -23.6017990       14.9062901       45.3669243    
  -9.02247334       28.9497108      -48.6761169    
   2.63056898       43.8495026      -15.6794882    
  -20.0934105      -33.7610207       19.8638821    
  -33.7056656      -4.23088408      -1.06813025    
   23.4369678      -3.80623412      -19.3680363    
  -2.85426354       41.3391075      -48.5674858    
   24.4752369       24.1495495      -32.4395905    
   10.0051117      -9.14486599       27.0470924    
   4.64070463      -16.3759537      -1.31108236    
   46.6400566      -42.4071007      -15.7073526    
  -39.9097176      -8.83109474      -41.3220139    
   10.2019567      -13.4693613      -17.7283077    
  -1.19062209       22.2377377       15.2304678    
   23.6254444       44.5578880      -26.0166416    
   46.7830467       8.57208252       16.7492504    
  -19.1861019       40.6651573      -39.6568489    
   22.9461079      -14.4455519       5.97201920    
   29.8361092      -25.1038017      -6.60883713    
   21.3805809      -44.5952187      -48.6189308    
   18.8085670      -4.74818754       39.9760933    
   31.4842834       2.62936759      0.904622257    
   14.8769865       29.9624424      0.362710208    
   24.0953407       32.7307167       16.3178787    
   4.13239151E-02   28.9809589      -29.3727646    
   24.5611992      -13.0981016       31.6224976    
   40.1591759      -30.9798183       31.1285267    
   5.24726629       39.7327576      -19.6535835    
   10.1671047      -30.3511143      -24.9818668    
  -15.3795652      -16.4358330      -40.6420059    
  -23.3941822       39.3131409       6.73096323    
  -43.3963699      -19.9769497       20.6998672    
  -37.3100662      -46.4745560       8.10159397    
  -6.60888958       41.0405960      -20.1615944    
   47.8283615       42.3857346       15.0850744    
  -41.1565475       22.8385887      -19.5028839    
   18.7343769       47.6721191      -22.4523849    
  -46.3304520      -22.1207905       26.1835575    
  -42.0712013       31.2704086      -41.3040657    
  -15.0547256       31.7105370      0.265889198    
  0.142352760       47.8130264       23.2250900    
   48.0703964       11.7467175       17.8733063    
  -9.85686779      -27.6957741       31.2792892    
   19.6853085      -12.1394339      -23.6061878    
   15.1058464      -12.2846766       37.0577774    
   18.0035000      -43.3117256       37.1681671    
  -17.1560879      -38.9316826       23.0735149    
   25.3299809      -6.69493246     -0.653463423    
  -37.9833984       7.44644165      -36.1593132    
   1.65535355      -9.67157745       8.73458672    
  -11.9315834      -7.68100119       12.2787857    
   27.3642712       48.0456467       1.13152075    
   28.7101536       9.72575092      -43.9459953    
   28.9902802     -0.895916402      -44.4631042    
  -1.30813980       28.1213303       11.8644028    
  -46.9265251       22.8020535      -2.55072427    
   42.1116753      -3.47605491      -25.2985935    
   10.4458208       12.2403116      -47.0679092    
  -15.9682331       9.00854301      -7.72918510    
  -30.8829746       38.2031212       11.7965498    
  -17.3788586      -10.0577011      -6.07122564    
  -44.2356415      -19.7336884      -31.7717972    
  -37.7452812       29.8911934       2.94974971    
  -23.9376030       39.9231529      -41.3229027    
  -24.1378555      -24.0934258       38.2758789    
   34.5227852      -30.6140213       34.4839058    
   23.4365444       8.28912449       24.8775291    
   44.4107094       8.62597179       29.9059544    
   1.70867419      -29.7824402       33.6084137    
   39.4587708       17.4447384       14.4135313    
   33.4774475      -19.1354389      -18.5926914    
  -16.7212982       24.2436085       16.2810764    
  -32.1528778       7.04849005      -13.0420189    
  -47.2210617       23.7283821      -12.8609886    
   2.97684813       7.71414137      -19.1676731    
   43.9602623      -16.7636547       7.22683287    
   21.5846176       15.6668415      -10.8355827    
   19.0090122       29.9222279      -40.1406517    
   42.4916382      -14.8911829       43.2192307    
   4.98436022       8.04926014      -15.4161758    
   6.33156633      -20.1837254     -0.618790805    
   24.3087292       33.7175407      -3.29852462    
  -10.5885038       40.3149033      -9.57850552    
   20.5018101      -12.1587486       22.4914055    
  -35.2683716       24.6068573      -32.7128792    
   10.0378284       23.6337376      -38.9529533    
   23.4326382      -12.0500069       32.0860214    
  -40.5825615       10.7273569       43.3468132    
  -37.2319794       28.6328583      -18.8116150    
  -25.5967808      -27.6172943      -2.86724114    
  -9.70363808      -22.0912933       37.6117973    
   8.31950760      -3.29166436      -29.2762108    
   41.0332069      -33.6646004       43.0301514    
   44.9037819       25.2816982       15.4909134    
  -10.7612171       33.1812401      -4.70194769    
  -8.74810982      -38.9204941       33.4387550    
   21.9958839       41.4505196       32.9051285    
  -33.4536057       32.0557823      -11.9653625    
   31.5110569      -16.3525581      -42.0159912    
   6.00451565       32.1911201       9.79920578    
   33.7803307      -37.2048988       19.2382660    
  -17.1576481      -47.4235725       33.2678871    
  -23.1360989      -16.3267479       47.2164230    
  -47.4250526      -7.82573938       36.9177170    
   39.0975075      -23.7787952       22.3493938    
   36.9700279       19.3115292       14.2281017    
  -43.8146324      -15.4658403       9.99877357    
  -3.41576958      -8.08559227       46.2040253    
   40.5049858      -11.6967220       17.1142063    
  -34.0651894       37.4040909      -32.1270485    
   7.26019955       20.8971367       28.0077820    
  -13.3990173      -35.8675308       11.2059422    
   48.1843338      -27.3932686      -15.2540607    
  -5.50272036       15.5503511       20.1326675    
  -22.2889004      -24.0352764       11.4875832    
   13.5903788      -42.6165504      -39.6602020    
   17.6578293       33.9758987      -7.31493044    
   41.4640388      -41.2948875      -35.6657104    
   16.2950058      -17.9034863       41.7531319    
   41.0080414       20.5544910       17.3706818    
   7.77324295       9.77619362       32.5121765    
  -37.4862671       31.8234291      -20.7533684    
   26.6285210       34.0381660       23.1960239    
  -33.2137833      -34.5167503      -29.8119583    
  -29.5753746      -32.2518806       16.0762043    
   31.8471680      -32.0310287      -27.1992435    
  -6.13725710       41.8834534       7.03491449    
  -37.6340370       8.23847389       41.0529633    
   39.5947227       5.68933964      -6.38843918    
   47.3085060       15.2199459       20.2246075    
 -0.513054967       23.2315960       9.13100052    
   46.3732376      -15.0899725      -11.6351776    
   24.6296558       22.6889534      -16.2605591    
   39.3245087       15.3273764      -24.2550125    
   12.1676178      -21.8312435       1.20547423E-02
   44.9982414      -18.8738155      -37.7825470    
  -19.7055225      -42.4907990     -0.681310594    
  -46.8701401      -7.30096626      -38.0195198    
  -21.7790031       20.2122059       3.54428005    
  -9.86802864      -22.4724731       5.72607231    
   5.25627995       18.3297958       14.8495855    
  -25.7921982      -1.34096098      -39.4417191    
  -21.6597385      -42.7580376      -33.0806236    
  -42.1373901      -31.4392109       42.8789291    
  -37.1695824       10.5634546      -2.67377329    
  -45.8714066      -45.7108879      -13.6587782    
  -19.0160122       43.4541969       17.4790344    
  -18.0834713      -26.7215176       7.22265387    
   10.9556894       35.4073105      -43.2384987    
  -1.02846050      -20.0010529      -2.11343956    
  -37.9717789      -22.4660301      -4.21290350    
   15.6119833       2.09830880       41.6716270    
  -10.9877272      -4.97578239      -28.0845203    
  -42.8307724       19.2556896       38.7718201    
   13.3106527       4.35862827      -20.1864700    
   44.1943169      -9.22671890       48.3965759    
  -33.5892258       45.7370529      -12.1872578    
  -10.6481457      -8.72894573       43.9583931    
   5.92822886       11.9446306       35.5724258    
  -9.74085331       38.6379013      -38.8726578    
  -28.6751690       33.8763390      -2.21738195    
  -13.0014725       41.9793549      -28.7102814    
   5.73462725       42.7075729      -35.2441559    
   39.6923485       48.0786438       3.21720004    
   3.63778114      -46.0893745       48.6527023    
   23.9588680       8.45351505      -25.7783909    
  -28.5988350      -48.5052719      -33.4744949    
  -30.3718700       3.59332895       15.1994753    
   44.3835144      -34.4362144       19.2598000    
   31.1995659       44.1105042       21.3433361    
 -0.246150076       33.5464745       39.0223694    
  -8.13729954       7.30654383      -29.8384724    
  -22.7523899      -10.5754509       26.5255756    
   27.9600620      -12.0088511       41.1318283    
  -38.1685638      -14.4856453      -47.7259293    
   47.6463203       9.57779217      -45.8796425    
  -21.8149872      -1.30799472      -6.64289474    
  -44.7537994       25.2621555       16.5739822    
   7.38046265       19.8341084      -18.7056236    
   21.2325344      -29.9270039      -38.9511299    
   9.20999146      -42.0517731       14.9233475    
   11.3200302       12.8898573       18.6294937    
   31.3442001      -25.3990993       18.4373608    
   35.5049019      -5.85135603       25.8741913    
   14.0500669      -19.4958687      -16.4390640    
  -44.2049522      -20.0833282       43.2147331    
   16.4504356      -12.7500525      -36.0501862    
   7.41764259       43.5306435       10.3740606    
  -16.7562313       24.5481739      -45.3286018    
   31.7474976      -15.7619677       13.1473131    
   11.5007820       28.8381195       48.0033798    
  -3.13355994       32.3012886      -36.0153046    
   45.8638573      -33.8652954       35.0015182    
   9.87091351       36.4409409       22.4905930    
  0.208238855       40.8031120      -40.8698540    
  -37.4943008      -14.6900597      -13.2544012    
   23.3435421       17.1913681       13.7541132    
   15.9380760      -21.7211208       12.5999804    
   25.9203663      -31.2783947      -27.8985062    
   31.2932587       7.12906551       38.5261612    
  0.929352760       33.3849220       17.8888950    
  -36.4564629      -46.9061775      -10.4892282    
   47.7792358       14.8882685      -27.5001125    
   2.09585381       18.2486343      -8.32820225    
   8.78036785      -17.7319756       20.0763359    
   10.0174389       9.86300278       17.6529903    
   26.5713863      -1.08171153      -38.8256607    
  -24.8890800       2.98634911       37.4399719    
   34.1299438      -37.2029076       17.4029274    
  -2.12834406       35.0219574       22.0801105    
   29.1048450      0.649452865       41.4440994    
  -32.9690132       28.6159859      -17.4554176    
   9.11647320       2.86776924      -16.1513596    
   36.4110184      -47.0864639       45.7231865    
   43.9037170       15.5776472       29.3429337    
  -29.8986359       25.8532028       12.8492355    
   17.8341656      -11.3447313       20.3953705    
   19.6744366       14.8022146       15.2176876    
   2.34156275      -25.6817322      -6.35244894    
  -32.5132561      -25.0958157       28.1583290    
   7.60661811E-02  -5.40780878      -19.2139778    
  -47.7140236      -8.79056549       48.1049118    
  -32.8493118      -14.9851074       14.3765602    
  -41.6716309       18.3582821      -29.7837124    
