   3.99999991E-02   3.87804806E-02  0.969512045    
   7.99999982E-02   7.53258467E-02  0.941573083    
  0.119999997      0.109959252      0.916327119    
  0.159999996      0.142827913      0.892674506    
  0.199999988      0.174237877      0.871189415    
  0.239999995      0.204238579      0.850994110    
  0.280000001      0.233084843      0.832445860    
  0.319999993      0.260821790      0.815068126    
  0.359999985      0.287593007      0.798869491    
  0.399999976      0.313579828      0.783949614    
  0.439999998      0.338663340      0.769689441    
  0.479999989      0.362976372      0.756200790    
  0.519999981      0.386716425      0.743685484    
  0.560000002      0.409821391      0.731823921    
  0.599999964      0.432252854      0.720421493    
  0.639999986      0.454156578      0.709619641    
  0.680000007      0.475588173      0.699394345    
  0.719999969      0.496675670      0.689827323    
  0.759999990      0.517375529      0.680757284    
  0.799999952      0.537703991      0.672130048    
  0.839999974      0.557659388      0.663880229    
  0.879999995      0.577256024      0.655972779    
  0.919999957      0.596575081      0.648451209    
  0.959999979      0.615584135      0.641233504    
   1.00000000      0.634361684      0.634361684    
   1.03999996      0.652846098      0.627736628    
   1.07999992      0.671142817      0.621428549    
   1.12000000      0.689159453      0.615320921    
   1.15999997      0.707008123      0.609489799    
   1.19999993      0.724687755      0.603906512    
   1.24000001      0.742062807      0.598437726    
   1.27999997      0.759245038      0.593160212    
   1.31999993      0.776166975      0.588005304    
   1.36000001      0.792909801      0.583021879    
   1.39999998      0.809519887      0.578228474    
   1.43999994      0.825938344      0.573568344    
   1.48000002      0.842131019      0.569007456    
   1.51999998      0.858117342      0.564550877    
   1.55999994      0.874065518      0.560298443    
   1.59999990      0.889957905      0.556223750    
   1.63999999      0.905782700      0.552306533    
   1.67999995      0.921473026      0.548495889    
   1.71999991      0.937096834      0.544823766    
   1.75999999      0.952636421      0.541270673    
   1.79999995      0.968145192      0.537858427    
   1.83999991      0.983627141      0.534579992    
   1.88000000      0.999024451      0.531395972    
   1.91999996       1.01434886      0.528306723    
   1.95999992       1.02953148      0.525271177    
   2.00000000       1.04461253      0.522306263    
   2.03999996       1.05958831      0.519406021    
   2.07999992       1.07443953      0.516557455    
   2.11999989       1.08919609      0.513771772    
   2.15999985       1.10396004      0.511092663    
   2.20000005       1.11871231      0.508505583    
   2.24000001       1.13330412      0.505939364    
   2.27999997       1.14781451      0.503427446    
   2.31999993       1.16223812      0.500964701    
   2.35999990       1.17654765      0.498537153    
   2.39999986       1.19076228      0.496150970    
   2.44000006       1.20490956      0.493815392    
   2.48000002       1.21899188      0.491528988    
   2.51999998       1.23309362      0.489322871    
   2.55999994       1.24724245      0.487204105    
   2.59999990       1.26127386      0.485105336    
   2.63999987       1.27531421      0.483073592    
   2.67999983       1.28924370      0.481061101    
   2.72000003       1.30319202      0.479114711    
   2.75999999       1.31705344      0.477193266    
   2.79999995       1.33093703      0.475334674    
   2.83999991       1.34472609      0.473495126    
   2.87999988       1.35848773      0.471697152    
   2.91999984       1.37222338      0.469939530    
   2.96000004       1.38586044      0.468196094    
   3.00000000       1.39940977      0.466469914    
   3.03999996       1.41296089      0.464789778    
   3.07999992       1.42645764      0.463135600    
   3.11999989       1.43990362      0.461507589    
   3.15999985       1.45333028      0.459914654    
   3.19999981       1.46673143      0.458353609    
   3.24000001       1.48015070      0.456836641    
   3.27999997       1.49351096      0.455338717    
   3.31999993       1.50686812      0.453875959    
   3.35999990       1.52015412      0.452426821    
   3.39999986       1.53342891      0.451008528    
   3.43999982       1.54674327      0.449634701    
   3.48000002       1.55995059      0.448261648    
   3.51999998       1.57316446      0.446921736    
   3.55999994       1.58636796      0.445608974    
   3.59999990       1.59954429      0.444317877    
   3.63999987       1.61273885      0.443060130    
   3.67999983       1.62592363      0.441827089    
   3.72000003       1.63895965      0.440580547    
   3.75999999       1.65196300      0.439351857    
   3.79999995       1.66486216      0.438121617    
   3.83999991       1.67767572      0.436894715    
   3.87999988       1.69045973      0.435685515    
   3.91999984       1.70336831      0.434532762    
   3.95999980       1.71613705      0.433367968    
   4.00000000       1.72893345      0.432233363    
   4.03999996       1.74166501      0.431105196    
   4.07999992       1.75443673      0.430009007    
   4.11999989       1.76703227      0.428891331    
   4.15999985       1.77973235      0.427820295    
   4.19999981       1.79236853      0.426754445    
   4.23999977       1.80489028      0.425681680    
   4.27999973       1.81740570      0.424627513    
   4.31999969       1.82981813      0.423569053    
   4.36000013       1.84212458      0.422505617    
   4.40000010       1.85443842      0.421463281    
   4.44000006       1.86657727      0.420400292    
   4.48000002       1.87880576      0.419376284    
   4.51999998       1.89105654      0.418375343    
   4.55999994       1.90330625      0.417391717    
   4.59999990       1.91549516      0.416411996    
   4.63999987       1.92769003      0.415450454    
   4.67999983       1.93973398      0.414473087    
   4.71999979       1.95185030      0.413527638    
   4.75999975       1.96404159      0.412613809    
   4.79999971       1.97621787      0.411712080    
   4.83999968       1.98847580      0.410842121    
   4.88000011       2.00064325      0.409967870    
   4.92000008       2.01300526      0.409147412    
   4.96000004       2.02526498      0.408319563    
   5.00000000       2.03729463      0.407458931    
   5.03999996       2.04939580      0.406626165    
   5.07999992       2.06153893      0.405814767    
   5.11999989       2.07370377      0.405020267    
   5.15999985       2.08581400      0.404227525    
   5.19999981       2.09786606      0.403435796    
   5.23999977       2.10999036      0.402669936    
   5.27999973       2.12202215      0.401898146    
   5.31999969       2.13403177      0.401133806    
   5.35999966       2.14607382      0.400386930    
   5.40000010       2.15813684      0.399654955    
   5.44000006       2.17022443      0.398938298    
   5.48000002       2.18241024      0.398250043    
   5.51999998       2.19451404      0.397556901    
   5.55999994       2.20656991      0.396865100    
   5.59999990       2.21864867      0.396187276    
   5.63999987       2.23079276      0.395530641    
   5.67999983       2.24290752      0.394878089    
   5.71999979       2.25493383      0.394219220    
   5.75999975       2.26693749      0.393565565    
   5.79999971       2.27892995      0.392918974    
   5.83999968       2.29099560      0.392293781    
   5.87999964       2.30299544      0.391665906    
   5.92000008       2.31491137      0.391032308    
   5.96000004       2.32677293      0.390398145    
   6.00000000       2.33861399      0.389768988    
   6.03999996       2.35040474      0.389139861    
   6.07999992       2.36224723      0.388527513    
   6.11999989       2.37407899      0.387921423    
   6.15999985       2.38594365      0.387328535    
   6.19999981       2.39778256      0.386739135    
   6.23999977       2.40962863      0.386158437    
   6.27999973       2.42134261      0.385564119    
   6.31999969       2.43312669      0.384988427    
   6.35999966       2.44470334      0.384387344    
   6.39999962       2.45633340      0.383802116    
   6.44000006       2.46804190      0.383236319    
   6.48000002       2.47961473      0.382656604    
   6.51999998       2.49121475      0.382088155    
   6.55999994       2.50283074      0.381529093    
   6.59999990       2.51439381      0.380968750    
   6.63999987       2.52599835      0.380421460    
   6.67999983       2.53766251      0.379889607    
   6.71999979       2.54942083      0.379378110    
   6.75999975       2.56117415      0.378871918    
   6.79999971       2.57294583      0.378374398    
   6.83999968       2.58465052      0.377872914    
   6.87999964       2.59625888      0.377363235    
   6.92000008       2.60792160      0.376867265    
   6.96000004       2.61953545      0.376370043    
   7.00000000       2.63124537      0.375892192    
   7.03999996       2.64297223      0.375422180    
   7.07999992       2.65459704      0.374943078    
   7.11999989       2.66637135      0.374490350    
   7.15999985       2.67819476      0.374049544    
   7.19999981       2.69005823      0.373619199    
   7.23999977       2.70186114      0.373185247    
   7.27999973       2.71381187      0.372776359    
   7.31999969       2.72575498      0.372370929    
   7.35999966       2.73770189      0.371970385    
   7.39999962       2.74966168      0.371575922    
   7.44000006       2.76174188      0.371201873    
   7.48000002       2.77377105      0.370824993    
   7.51999998       2.78575873      0.370446652    
   7.55999994       2.79772377      0.370069295    
   7.59999990       2.80970526      0.369698077    
   7.63999987       2.82151437      0.369308174    
   7.67999983       2.83334136      0.368924677    
   7.71999979       2.84523892      0.368554264    
   7.75999975       2.85720491      0.368196517    
   7.79999971       2.86920285      0.367846519    
   7.83999968       2.88114548      0.367493063    
   7.87999964       2.89310002      0.367144704    
   7.91999960       2.90494323      0.366785794    
   7.96000004       2.91679120      0.366431057    
   8.00000000       2.92845130      0.366056412    
   8.03999996       2.94009280      0.365683198    
   8.07999992       2.95178509      0.365319937    
   8.11999989       2.96343589      0.364955157    
   8.15999985       2.97515488      0.364602327    
   8.19999981       2.98683572      0.364248276    
   8.23999977       2.99847913      0.363893121    
   8.27999973       3.01025820      0.363557756    
   8.31999969       3.02191472      0.363210917    
   8.35999966       3.03352189      0.362861484    
   8.39999962       3.04521894      0.362526089    
   8.43999958       3.05690002      0.362191975    
   8.47999954       3.06862354      0.361865997    
   8.51999950       3.08021927      0.361528099    
   8.55999947       3.09176373      0.361187369    
   8.59999943       3.10336542      0.360856473    
   8.63999939       3.11507702      0.360541344    
   8.67999935       3.12689495      0.360241383    
   8.72000027       3.13864541      0.359936386    
   8.76000023       3.15049338      0.359645367    
   8.80000019       3.16242957      0.359366983    
   8.84000015       3.17445731      0.359101504    
   8.88000011       3.18657088      0.358848065    
   8.92000008       3.19868207      0.358596653    
   8.96000004       3.21088386      0.358357579    
   9.00000000       3.22302198      0.358113557    
   9.03999996       3.23505592      0.357860178    
   9.07999992       3.24723887      0.357625425    
   9.11999989       3.25935268      0.357385159    
   9.15999985       3.27136493      0.357135922    
   9.19999981       3.28321934      0.356871665    
   9.23999977       3.29505563      0.356607765    
   9.27999973       3.30686402      0.356343120    
   9.31999969       3.31860423      0.356073439    
   9.35999966       3.33046222      0.355818629    
   9.39999962       3.34208322      0.355540782    
   9.43999958       3.35372424      0.355267406    
   9.47999954       3.36531162      0.354990691    
   9.51999950       3.37689066      0.354715437    
   9.55999947       3.38855624      0.354451507    
   9.59999943       3.40017962      0.354185402    
   9.63999939       3.41181612      0.353922844    
   9.67999935       3.42332149      0.353648931    
   9.71999931       3.43483329      0.353377938    
   9.76000023       3.44631672      0.353106201    
   9.80000019       3.45791745      0.352848709    
   9.84000015       3.46945429      0.352586806    
   9.88000011       3.48097920      0.352325827    
   9.92000008       3.49256563      0.352073133    
   9.96000004       3.50398588      0.351805806    
   10.0000000       3.51558852      0.351558864    
   10.0400000       3.52706695      0.351301491    
   10.0799999       3.53847027      0.351038724    
   10.1199999       3.54976988      0.350767791    
   10.1599998       3.56115317      0.350507200    
   10.1999998       3.57256150      0.350251138    
   10.2399998       3.58404064      0.350003988    
   10.2799997       3.59541392      0.349748433    
   10.3199997       3.60700178      0.349515676    
   10.3599997       3.61851811      0.349277824    
   10.3999996       3.62991667      0.349030465    
   10.4399996       3.64141083      0.348794162    
   10.4799995       3.65295315      0.348564237    
   10.5199995       3.66453838      0.348340154    
   10.5599995       3.67610741      0.348116249    
   10.5999994       3.68768692      0.347894996    
   10.6399994       3.69912815      0.347662449    
   10.6799994       3.71058154      0.347432762    
   10.7199993       3.72205329      0.347206473    
   10.7600002       3.73351622      0.346981049    
   10.8000002       3.74491119      0.346751034    
   10.8400002       3.75630403      0.346522510    
   10.8800001       3.76767039      0.346293241    
   10.9200001       3.77922273      0.346082658    
   10.9600000       3.79074454      0.345870852    
   11.0000000       3.80247784      0.345679790    
   11.0400000       3.81411338      0.345481277    
   11.0799999       3.82571149      0.345280826    
   11.1199999       3.83712435      0.345065147    
   11.1599998       3.84861445      0.344857931    
   11.1999998       3.86009026      0.344650924    
   11.2399998       3.87163329      0.344451368    
   11.2799997       3.88321757      0.344256878    
   11.3199997       3.89478230      0.344062060    
   11.3599997       3.90635252      0.343869060    
   11.3999996       3.91797018      0.343681604    
   11.4399996       3.92975307      0.343509883    
   11.4799995       3.94141650      0.343328983    
   11.5199995       3.95295906      0.343138814    
   11.5599995       3.96446276      0.342946619    
   11.5999994       3.97596002      0.342755198    
   11.6399994       3.98750544      0.342569202    
   11.6799994       3.99905872      0.342385173    
   11.7199993       4.01053619      0.342195928    
   11.7599993       4.02205420      0.342011422    
   11.8000002       4.03369904      0.341838896    
   11.8400002       4.04526281      0.341660708    
   11.8800001       4.05680275      0.341481715    
   11.9200001       4.06839752      0.341308504    
   11.9600000       4.08001614      0.341138482    
   12.0000000       4.09177017      0.340980858    
   12.0400000       4.10355473      0.340826809    
   12.0799999       4.11539507      0.340678394    
   12.1199999       4.12733221      0.340538979    
   12.1599998       4.13907003      0.340384066    
   12.1999998       4.15085554      0.340234071    
   12.2399998       4.16259861      0.340081602    
   12.2799997       4.17444229      0.339938313    
   12.3199997       4.18631363      0.339798182    
   12.3599997       4.19833994      0.339671522    
   12.3999996       4.21038675      0.339547336    
   12.4399996       4.22257423      0.339435250    
   12.4799995       4.23493290      0.339337587    
   12.5199995       4.24721146      0.339234143    
   12.5599995       4.25950289      0.339132398    
   12.5999994       4.27174568      0.339027464    
   12.6399994       4.28393316      0.338918775    
   12.6799994       4.29608870      0.338808268    
   12.7199993       4.30841255      0.338711709    
   12.7599993       4.32080793      0.338621318    
   12.7999992       4.33307076      0.338521183    
   12.8400002       4.34545994      0.338431448    
   12.8800001       4.35797167      0.338351846    
   12.9200001       4.37046766      0.338271499    
   12.9600000       4.38308811      0.338201255    
   13.0000000       4.39566135      0.338127792    
   13.0400000       4.40822411      0.338054001    
   13.0799999       4.42089653      0.337989032    
   13.1199999       4.43353319      0.337921739    
   13.1599998       4.44614363      0.337852865    
   13.1999998       4.45863724      0.337775558    
   13.2399998       4.47100544      0.337689251    
   13.2799997       4.48334932      0.337601602    
   13.3199997       4.49589109      0.337529361    
   13.3599997       4.50809240      0.337432086    
   13.3999996       4.52046204      0.337347925    
   13.4399996       4.53287888      0.337267786    
   13.4799995       4.54520988      0.337181747    
   13.5199995       4.55741787      0.337087125    
   13.5599995       4.56966829      0.336996198    
   13.5999994       4.58190632      0.336904883    
   13.6399994       4.59408045      0.336809427    
   13.6799994       4.60645723      0.336729348    
   13.7199993       4.61875772      0.336644173    
   13.7599993       4.63116407      0.336567163    
   13.7999992       4.64356947      0.336490571    
   13.8400002       4.65602493      0.336417973    
   13.8800001       4.66824055      0.336328566    
   13.9200001       4.68059158      0.336249381    
   13.9600000       4.69287348      0.336165726    
   14.0000000       4.70510912      0.336079210    
   14.0400000       4.71739149      0.335996538    
   14.0799999       4.72966337      0.335913599    
   14.1199999       4.74201298      0.335836619    
   14.1599998       4.75433826      0.335758358    
   14.1999998       4.76655817      0.335673124    
   14.2399998       4.77881765      0.335591137    
   14.2799997       4.79082727      0.335492104    
   14.3199997       4.80294466      0.335401177    
   14.3599997       4.81513309      0.335315675    
   14.3999996       4.82743073      0.335238248    
   14.4399996       4.83976460      0.335163772    
   14.4799995       4.85198259      0.335081667    
   14.5199995       4.86418676      0.334999114    
   14.5599995       4.87644291      0.334920555    
   14.5999994       4.88859272      0.334835142    
   14.6399994       4.90083408      0.334756434    
   14.6799994       4.91315126      0.334683329    
   14.7199993       4.92563677      0.334622085    
   14.7599993       4.93807793      0.334558129    
   14.7999992       4.95056629      0.334497750    
   14.8399992       4.96346855      0.334465563    
   14.8800001       4.97639990      0.334435463    
   14.9200001       4.98931026      0.334404171    
   14.9600000       5.00201845      0.334359527    
   15.0000000       5.01479626      0.334319741    
   15.0400000       5.02748442      0.334274232    
   15.0799999       5.04021168      0.334231555    
   15.1199999       5.05288649      0.334185630    
   15.1599998       5.06536579      0.334127039    
   15.1999998       5.07781649      0.334066868    
   15.2399998       5.09015894      0.333999932    
   15.2799997       5.10247374      0.333931535    
   15.3199997       5.11484194      0.333866984    
   15.3599997       5.12733889      0.333811134    
   15.3999996       5.13974714      0.333749831    
   15.4399996       5.15210581      0.333685607    
   15.4799995       5.16436005      0.333615005    
   15.5199995       5.17664623      0.333546817    
   15.5599995       5.18897820      0.333481908    
   15.5999994       5.20143223      0.333425164    
   15.6399994       5.21399975      0.333375961    
   15.6799994       5.22666264      0.333333105    
   15.7199993       5.23939276      0.333294719    
   15.7599993       5.25211811      0.333256245    
   15.7999992       5.26492691      0.333223224    
   15.8399992       5.27774048      0.333190709    
   15.8800001       5.29059982      0.333161205    
   15.9200001       5.30344963      0.333131254    
   15.9600000       5.31637716      0.333106339    
   16.0000000       5.32939577      0.333087236    
   16.0399990       5.34222937      0.333056718    
   16.0799999       5.35516405      0.333032578    
   16.1199989       5.36802578      0.333004117    
   16.1599998       5.38083649      0.332972556    
   16.1999989       5.39391136      0.332957506    
   16.2399998       5.40662527      0.332920283    
   16.2799988       5.41937780      0.332885653    
   16.3199997       5.43210125      0.332849354    
   16.3599987       5.44474792      0.332808584    
   16.3999996       5.45733166      0.332764119    
   16.4400005       5.46983624      0.332715094    
   16.4799995       5.48237991      0.332668692    
   16.5200005       5.49515724      0.332636625    
   16.5599995       5.50801611      0.332609683    
   16.6000004       5.52076626      0.332576275    
   16.6399994       5.53333235      0.332532018    
   16.6800003       5.54599667      0.332493812    
   16.7199993       5.55848074      0.332445025    
   16.7600002       5.57083225      0.332388550    
   16.7999992       5.58323097      0.332335204    
   16.8400002       5.59554529      0.332277030    
   16.8799992       5.60794544      0.332224280    
   16.9200001       5.62052441      0.332182288    
   16.9599991       5.63302517      0.332135946    
   17.0000000       5.64527512      0.332075000    
   17.0399990       5.65768719      0.332023919    
   17.0799999       5.67001152      0.331967890    
   17.1199989       5.68228960      0.331909448    
   17.1599998       5.69464445      0.331855744    
   17.1999989       5.70704460      0.331804931    
   17.2399998       5.71928501      0.331745088    
   17.2799988       5.73157549      0.331688434    
   17.3199997       5.74377918      0.331626981    
   17.3599987       5.75595045      0.331563979    
   17.3999996       5.76814795      0.331502765    
   17.4400005       5.78047657      0.331449330    
   17.4799995       5.79292679      0.331403136    
   17.5200005       5.80555153      0.331367075    
   17.5599995       5.81793261      0.331317365    
   17.6000004       5.83060455      0.331284344    
   17.6399994       5.84321976      0.331248283    
   17.6800003       5.85585117      0.331213295    
   17.7199993       5.86850739      0.331179887    
   17.7600002       5.88090420      0.331131995    
   17.7999992       5.89350224      0.331095636    
   17.8400002       5.90629864      0.331070542    
   17.8799992       5.91898155      0.331039250    
   17.9200001       5.93174458      0.331012517    
   17.9599991       5.94447041      0.330983907    
   18.0000000       5.95710897      0.330950499    
   18.0399990       5.96988249      0.330924779    
   18.0799999       5.98261213      0.330896676    
   18.1199989       5.99525499      0.330863982    
   18.1599998       6.00790787      0.330831945    
   18.1999989       6.02076817      0.330811471    
   18.2399998       6.03373671      0.330796987    
   18.2799988       6.04659319      0.330776453    
   18.3199997       6.05943918      0.330755413    
   18.3599987       6.07241774      0.330741733    
   18.3999996       6.08541059      0.330728829    
   18.4400005       6.09838057      0.330714762    
   18.4799995       6.11103201      0.330683559    
   18.5200005       6.12381172      0.330659360    
   18.5599995       6.13653898      0.330632508    
   18.6000004       6.14914417      0.330599129    
   18.6399994       6.16171980      0.330564380    
   18.6800003       6.17438316      0.330534428    
   18.7199993       6.18696404      0.330500215    
   18.7600002       6.19941139      0.330459028    
   18.7999992       6.21179295      0.330414534    
   18.8400002       6.22428322      0.330375969    
   18.8799992       6.23648357      0.330322236    
   18.9200001       6.24880457      0.330275089    
   18.9599991       6.26120901      0.330232561    
   19.0000000       6.27364635      0.330191910    
   19.0399990       6.28611040      0.330152869    
   19.0799999       6.29850245      0.330110192    
   19.1199989       6.31095123      0.330070704    
   19.1599998       6.32351398      0.330037266    
   19.1999989       6.33601284      0.330000699    
   19.2399998       6.34825754      0.329951018    
   19.2799988       6.36054420      0.329903752    
   19.3199997       6.37282085      0.329856157    
   19.3599987       6.38507128      0.329807431    
   19.3999996       6.39730835      0.329758167    
   19.4399986       6.40948248      0.329705924    
   19.4799995       6.42162132      0.329652041    
   19.5200005       6.43393373      0.329607248    
   19.5599995       6.44626856      0.329563856    
   19.6000004       6.45885229      0.329533279    
   19.6399994       6.47112036      0.329486787    
   19.6800003       6.48344231      0.329443216    
   19.7199993       6.49572897      0.329398036    
   19.7600002       6.50814390      0.329359502    
   19.7999992       6.52077389      0.329332024    
   19.8400002       6.53331232      0.329300016    
   19.8799992       6.54602289      0.329276830    
   19.9200001       6.55878448      0.329256237    
   19.9599991       6.57144880      0.329230905    
   20.0000000       6.58407640      0.329203814    
   20.0399990       6.59675169      0.329179257    
   20.0799999       6.60959387      0.329163045    
   20.1199989       6.62232876      0.329141617    
   20.1599998       6.63517523      0.329125762    
   20.1999989       6.64799452      0.329108655    
   20.2399998       6.66065550      0.329083771    
   20.2799988       6.67322302      0.329054415    
   20.3199997       6.68598032      0.329034477    
   20.3599987       6.69850206      0.329003066    
   20.3999996       6.71101856      0.328971505    
   20.4399986       6.72363186      0.328944832    
   20.4799995       6.73646498      0.328928947    
   20.5200005       6.74952507      0.328924209    
   20.5599995       6.76243830      0.328912377    
   20.6000004       6.77537775      0.328901827    
   20.6399994       6.78812933      0.328882247    
   20.6800003       6.80056095      0.328847229    
   20.7199993       6.81309605      0.328817397    
   20.7600002       6.82555914      0.328784168    
   20.7999992       6.83824110      0.328761607    
   20.8400002       6.85089970      0.328737974    
   20.8799992       6.86378050      0.328725129    
   20.9200001       6.87660789      0.328709751    
   20.9599991       6.88985109      0.328714281    
   21.0000000       6.90295744      0.328712255    
   21.0399990       6.91612768      0.328713298    
   21.0799999       6.92909861      0.328704864    
   21.1199989       6.94197321      0.328691930    
   21.1599998       6.95481491      0.328677446    
   21.1999989       6.96765995      0.328663230    
   21.2399998       6.98040056      0.328644097    
   21.2799988       6.99327803      0.328631490    
   21.3199997       7.00627089      0.328624338    
   21.3599987       7.01915121      0.328611970    
   21.3999996       7.03182554      0.328589976    
   21.4399986       7.04461479      0.328573465    
   21.4799995       7.05728292      0.328551352    
   21.5200005       7.07010651      0.328536540    
   21.5599995       7.08278036      0.328514874    
   21.6000004       7.09591818      0.328514725    
   21.6399994       7.10903883      0.328513831    
   21.6800003       7.12252569      0.328529775    
   21.7199993       7.13599205      0.328544766    
   21.7600002       7.14926672      0.328550845    
   21.7999992       7.16265202      0.328562021    
   21.8400002       7.17611408      0.328576654    
   21.8799992       7.18923426      0.328575611    
   21.9200001       7.20224047      0.328569353    
   21.9599991       7.21510363      0.328556657    
   22.0000000       7.22794008      0.328542739    
   22.0399990       7.24053049      0.328517735    
   22.0799999       7.25284290      0.328480214    
   22.1199989       7.26539230      0.328453571    
   22.1599998       7.27793550      0.328426689    
   22.1999989       7.28991079      0.328374386    
   22.2399998       7.30170774      0.328314215    
   22.2799988       7.31369877      0.328262985    
   22.3199997       7.32549143      0.328203022    
   22.3599987       7.33701229      0.328131169    
   22.3999996       7.34833574      0.328050703    
   22.4399986       7.35979271      0.327976525    
   22.4799995       7.37108183      0.327895105    
   22.5199986       7.38252831      0.327820987    
   22.5599995       7.39413929      0.327754408    
   22.6000004       7.40569878      0.327685773    
   22.6399994       7.41736126      0.327621967    
   22.6800003       7.42880630      0.327548772    
   22.7199993       7.44041824      0.327483207    
   22.7600002       7.45217800      0.327424347    
   22.7999992       7.46385860      0.327362239    
   22.8400002       7.47569895      0.327307314    
   22.8799992       7.48753691      0.327252507    
   22.9200001       7.49908018      0.327185005    
   22.9599991       7.51064157      0.327118546    
   23.0000000       7.52205372      0.327045828    
   23.0399990       7.53356314      0.326977581    
   23.0799999       7.54491425      0.326902688    
   23.1199989       7.55599499      0.326816410    
   23.1599998       7.56714630      0.326733440    
   23.1999989       7.57843256      0.326656580    
   23.2399998       7.58981657      0.326584190    
   23.2799988       7.60096359      0.326501876    
   23.3199997       7.61207724      0.326418400    
   23.3599987       7.62314606      0.326333314    
   23.3999996       7.63431740      0.326252878    
   23.4399986       7.64573097      0.326183081    
   23.4799995       7.65716648      0.326114416    
   23.5199986       7.66897106      0.326061726    
   23.5599995       7.68093538      0.326015949    
   23.6000004       7.69292736      0.325971484    
   23.6399994       7.70486832      0.325925052    
   23.6800003       7.71679974      0.325878352    
   23.7199993       7.72872686      0.325831652    
   23.7600002       7.74083042      0.325792521    
   23.7999992       7.75312662      0.325761646    
   23.8400002       7.76542187      0.325730771    
   23.8799992       7.77766323      0.325697809    
   23.9200001       7.78995466      0.325666994    
   23.9599991       7.80251551      0.325647563    
   24.0000000       7.81535625      0.325639844    
   24.0399990       7.82806015      0.325626463    
   24.0799999       7.84092569      0.325619847    
   24.1199989       7.85367060      0.325608253    
   24.1599998       7.86630201      0.325591981    
   24.1999989       7.87895918      0.325576842    
   24.2399998       7.89206505      0.325580239    
   24.2799988       7.90501976      0.325577438    
   24.3199997       7.91780806      0.325567782    
   24.3599987       7.93024063      0.325543553    
   24.3999996       7.94265079      0.325518489    
   24.4399986       7.95506287      0.325493574    
   24.4799995       7.96772480      0.325478971    
   24.5199986       7.98002768      0.325449765    
   24.5599995       7.99221039      0.325415730    
   24.6000004       8.00449657      0.325386047    
   24.6399994       8.01673603      0.325354546    
   24.6800003       8.02917385      0.325331181    
   24.7199993       8.04159927      0.325307429    
   24.7600002       8.05412769      0.325287879    
   24.7999992       8.06688976      0.325277835    
   24.8400002       8.07933044      0.325254858    
   24.8799992       8.09199715      0.325241059    
   24.9200001       8.10465527      0.325226933    
   24.9599991       8.11712074      0.325205177    
   25.0000000       8.12963200      0.325185269    
   25.0399990       8.14214325      0.325165480    
   25.0799999       8.15452576      0.325140595    
   25.1199989       8.16701889      0.325120181    
   25.1599998       8.17978287      0.325110614    
   25.1999989       8.19270611      0.325107396    
   25.2399998       8.20567036      0.325105816    
   25.2799988       8.21892166      0.325115591    
   25.3199997       8.23238850      0.325133830    
   25.3599987       8.24566555      0.325144559    
   25.3999996       8.25883484      0.325150996    
   25.4399986       8.27209187      0.325160861    
   25.4799995       8.28589630      0.325192183    
   25.5199986       8.29986668      0.325229913    
   25.5599995       8.31399345      0.325273603    
   25.5999985       8.32800388      0.325312674    
   25.6399994       8.34219074      0.325358450    
   25.6800003       8.35654449      0.325410604    
   25.7199993       8.37019062      0.325435102    
   25.7600002       8.38393688      0.325463384    
   25.7999992       8.39760780      0.325488687    
   25.8400002       8.41127682      0.325513810    
   25.8799992       8.42485523      0.325535387    
   25.9200001       8.43893337      0.325576127    
   25.9599991       8.45298195      0.325615644    
   26.0000000       8.46634293      0.325628579    
   26.0399990       8.47978210      0.325644493    
   26.0799999       8.49303532      0.325653195    
   26.1199989       8.50634289      0.325663984    
   26.1599998       8.51951885      0.325669676    
   26.1999989       8.53289795      0.325683147    
   26.2399998       8.54629517      0.325697213    
   26.2799988       8.55985451      0.325717449    
   26.3199997       8.57366467      0.325747132    
   26.3599987       8.58728027      0.325769365    
   26.3999996       8.60095406      0.325793713    
   26.4399986       8.61501884      0.325832814    
   26.4799995       8.62885284      0.325863034    
   26.5199986       8.64241219      0.325882822    
   26.5599995       8.65570450      0.325892508    
   26.5999985       8.66922569      0.325910747    
   26.6399994       8.68279266      0.325930655    
   26.6800003       8.69658566      0.325958967    
   26.7199993       8.71064758      0.325997293    
   26.7600002       8.72503567      0.326047659    
   26.7999992       8.73985767      0.326114088    
   26.8400002       8.75420189      0.326162517    
   26.8799992       8.76850128      0.326209128    
   26.9200001       8.78249359      0.326244175    
   26.9599991       8.79663849      0.326284826    
   27.0000000       8.81089973      0.326329619    
   27.0399990       8.82508278      0.326371431    
   27.0799999       8.83931351      0.326414824    
   27.1199989       8.85341740      0.326453447    
   27.1599998       8.86735916      0.326485991    
   27.1999989       8.88111401      0.326511562    
   27.2399998       8.89472198      0.326531649    
   27.2799988       8.90801334      0.326540083    
   27.3199997       8.92124462      0.326546282    
   27.3599987       8.93427563      0.326545179    
   27.3999996       8.94662666      0.326519221    
   27.4399986       8.95893574      0.326491833    
   27.4799995       8.97138596      0.326469660    
   27.5199986       8.98425388      0.326462746    
   27.5599995       8.99732113      0.326463044    
   27.5999985       9.01010323      0.326453030    
   27.6399994       9.02341080      0.326462060    
   27.6800003       9.03666592      0.326469153    
   27.7199993       9.05015182      0.326484561    
   27.7600002       9.06418705      0.326519698    
   27.7999992       9.07814217      0.326551884    
   27.8400002       9.09138203      0.326558262    
   27.8799992       9.10450649      0.326560497    
   27.9200001       9.11751270      0.326558471    
   27.9599991       9.13034153      0.326550126    
   28.0000000       9.14330769      0.326546699    
   28.0399990       9.15581226      0.326526850    
   28.0799999       9.16738701      0.326473892    
   28.1199989       9.17889881      0.326418877    
   28.1599998       9.19078922      0.326377451    
   28.1999989       9.20239067      0.326325923    
   28.2399998       9.21398640      0.326274306    
   28.2799988       9.22551441      0.326220453    
   28.3199997       9.23709679      0.326168686    
   28.3599987       9.24949360      0.326145768    
   28.3999996       9.26179886      0.326119691    
   28.4399986       9.27356720      0.326074809    
   28.4799995       9.28559208      0.326039046    
   28.5199986       9.29753685      0.326000601    
   28.5599995       9.30969334      0.325969666    
   28.5999985       9.32228947      0.325954199    
   28.6399994       9.33498287      0.325942159    
   28.6800003       9.34799862      0.325941384    
   28.7199993       9.36112595      0.325944513    
   28.7600002       9.37500095      0.325973600    
   28.7999992       9.38927364      0.326016456    
   28.8400002       9.40369415      0.326064289    
   28.8799992       9.41867542      0.326131433    
   28.9200001       9.43329239      0.326185763    
   28.9599991       9.44791412      0.326240152    
   29.0000000       9.46295166      0.326308668    
   29.0399990       9.47835827      0.326389760    
   29.0799999       9.49370861      0.326468647    
   29.1199989       9.50910282      0.326548874    
   29.1599998       9.52443981      0.326626867    
   29.1999989       9.54059219      0.326732635    
   29.2399998       9.55586243      0.326807886    
   29.2799988       9.57107353      0.326880932    
   29.3199997       9.58668232      0.326967329    
   29.3599987       9.60157204      0.327029049    
   29.3999996       9.61672592      0.327099532    
   29.4399986       9.63194656      0.327172101    
   29.4799995       9.64728069      0.327248335    
   29.5199986       9.66286373      0.327332795    
   29.5599995       9.67775440      0.327393591    
   29.5999985       9.69233227      0.327443689    
   29.6399994       9.70746803      0.327512413    
   29.6799984       9.72264862      0.327582508    
   29.7199993       9.73694611      0.327622682    
   29.7600002       9.75103855      0.327655852    
   29.7999992       9.76574230      0.327709496    
   29.8400002       9.78105545      0.327783346    
   29.8799992       9.79585266      0.327839792    
   29.9200001       9.81115532      0.327912956    
   29.9599991       9.82578182      0.327963352    
   30.0000000       9.83990383      0.327996790    
   30.0399990       9.85485744      0.328057855    
   30.0799999       9.87008667      0.328127891    
   30.1199989       9.88590336      0.328217268    
   30.1599998       9.90233612      0.328326792    
   30.1999989       9.91870689      0.328434020    
   30.2399998       9.93375492      0.328497201    
   30.2799988       9.94863892      0.328554809    
   30.3199997       9.96376705      0.328620285    
   30.3599987       9.97955894      0.328707486    
   30.3999996       9.99520397      0.328789622    
   30.4399986       10.0107718      0.328868985    
   30.4799995       10.0270262      0.328970671    
   30.5199986       10.0428448      0.329057842    
   30.5599995       10.0609169      0.329218477    
   30.5999985       10.0796280      0.329399616    
   30.6399994       10.0986271      0.329589665    
   30.6799984       10.1178532      0.329786628    
   30.7199993       10.1359243      0.329945475    
   30.7600002       10.1553421      0.330147654    
   30.7999992       10.1738787      0.330320746    
   30.8400002       10.1908169      0.330441535    
   30.8799992       10.2089119      0.330599487    
   30.9200001       10.2290564      0.330823302    
   30.9599991       10.2491436      0.331044704    
   31.0000000       10.2699785      0.331289619    
   31.0399990       10.2894268      0.331489265    
   31.0799999       10.3074245      0.331641704    
   31.1199989       10.3269167      0.331841797    
   31.1599998       10.3432093      0.331938684    
   31.1999989       10.3601418      0.332055837    
   31.2399998       10.3750525      0.332107961    
   31.2799988       10.3914280      0.332206786    
   31.3199997       10.4093313      0.332354128    
   31.3599987       10.4300089      0.332589597    
   31.3999996       10.4484243      0.332752377    
   31.4399986       10.4658861      0.332884431    
   31.4799995       10.4853268      0.333079010    
   31.5199986       10.5076838      0.333365619    
   31.5599995       10.5290623      0.333620489    
   31.5999985       10.5453138      0.333712488    
   31.6399994       10.5606594      0.333775580    
   31.6799984       10.5772991      0.333879411    
   31.7199993       10.5896797      0.333848685    
   31.7600002       10.5924482      0.333515376    
   31.7999992       10.5937366      0.333136380    
   31.8400002       10.5968294      0.332814991    
   31.8799992       10.5957489      0.332363516    
   31.9200001       10.5778894      0.331387520    
   31.9599991       10.5407667      0.329811245    
