 =============================================================================
 NUMERO DE PARTICULAS
         216
 CONCENTRACION REDUCIDA
  0.100000001    
 NUMERO DE CICLOS
      300000
 MONITOREO EN PANTALLA (CADA CAUNTOS CICLOS)
        1000
 NUMERO DE PASOS PARA GUARDAR CONFIGURACION
         100
 FRECUENCIA DE CORRECCION EN DESPLAZAMIENTO
         100
 =============================================================================
 LONGITUD DE LA CELDA:   12.9266090    
 CONFIGURACION INICIAL LISTA
 ENERGIA DE LA CONFIGURACION INICIAL:  -45.0000000    
 Archivo Terma01.dat
 =============================================================================
 |CONFIG||ENERGIA PARTICULA||RATIO||DR|
        1000 -0.504629612      0.911898136       5.98736815E-02
        2000 -0.453703701      0.953611135       3.96221131E-02
        3000 -0.402777791      0.949583352       3.54026966E-02
        4000 -0.504629612      0.951250017       3.49623598E-02
        5000 -0.472222209      0.949166656       3.45274992E-02
        6000 -0.458333343      0.953194439       3.76873165E-02
        7000 -0.509259284      0.955740750       3.36739346E-02
        8000 -0.500000000      0.947407424       3.32551003E-02
        9000 -0.578703701      0.947777748       2.97137089E-02
       10000 -0.564814806      0.947546303       3.24329883E-02
       11000 -0.504629612      0.948935211       3.20295915E-02
       12000 -0.532407403      0.952962935       3.86408903E-02
       13000 -0.527777791      0.948287010       3.12377810E-02
       14000 -0.509259284      0.951990724       3.76856402E-02
       15000 -0.523148119      0.959027767       3.36724445E-02
       16000 -0.472222209      0.951250017       4.06228527E-02
       17000 -0.527777791      0.944583356       2.97124032E-02
       18000 -0.509259284      0.949814796       3.24315578E-02
       19000 -0.476851851      0.954259276       3.91258299E-02
       20000 -0.481481493      0.953750014       3.86391878E-02
       21000 -0.537037015      0.951064825       3.12364046E-02
       22000 -0.527777791      0.952083349       3.40950340E-02
       23000 -0.546296299      0.956805527       3.04642022E-02
       24000 -0.486111104      0.947407424       3.32521535E-02
       25000 -0.449074060      0.953981459       3.62952538E-02
       26000 -0.504629612      0.943564832       3.58438194E-02
       27000 -0.500000000      0.948842585       3.53979990E-02
       28000 -0.611111104      0.944675922       2.86161881E-02
       29000 -0.564814806      0.953657389       3.12350243E-02
       30000 -0.564814806      0.948055565       2.79087629E-02
       31000 -0.495370358      0.953750014       3.36694717E-02
       32000 -0.546296299      0.959953725       3.00839655E-02
       33000 -0.513888896      0.954907417       3.62936631E-02
       34000 -0.481481493      0.946018517       3.58422473E-02
       35000 -0.537037015      0.947824061       3.20253558E-02
       36000 -0.527777791      0.950925946       3.49561870E-02
       37000 -0.490740746      0.952592611       3.12336534E-02
       38000 -0.541666687      0.944490731       2.79075392E-02
       39000 -0.560185194      0.951990724       3.36680003E-02
       40000 -0.555555582      0.955648124       3.00826486E-02
       41000 -0.490740746      0.949351847       2.97084823E-02
       42000 -0.569444418      0.941574097       3.24272774E-02
       43000 -0.583333313      0.945046306       2.89740507E-02
       44000 -0.601851881      0.948842585       2.86136717E-02
       45000 -0.546296299      0.952546299       3.12322788E-02
       46000 -0.490740746      0.957037032       3.08438130E-02
       47000 -0.500000000      0.953842580       3.36665139E-02
       48000 -0.550925910      0.945879638       3.00813150E-02
       49000 -0.587962985      0.953796268       2.97071654E-02
       50000 -0.555555582      0.946944416       3.24258469E-02
       51000 -0.611111104      0.943703711       3.20225395E-02
       52000 -0.601851881      0.943703711       3.16242427E-02
       53000 -0.615740716      0.951388896       2.82565337E-02
       54000 -0.476851851      0.953518510       3.40890326E-02
       55000 -0.513888896      0.952685177       3.36650349E-02
       56000 -0.523148119      0.953472197       3.32463086E-02
       57000 -0.555555582      0.956203699       2.97058616E-02
       58000 -0.620370388      0.942314804       2.65424438E-02
       59000 -0.550925910      0.947546303       2.89715007E-02
       60000 -0.550925910      0.947592616       3.16228531E-02
       61000 -0.587962985      0.951250017       2.82552894E-02
       62000 -0.537037015      0.951759279       3.08410991E-02
       63000 -0.597222209      0.948055565       2.75567826E-02
       64000 -0.527777791      0.948981464       3.00786644E-02
       65000 -0.578703701      0.949861109       2.97045540E-02
       66000 -0.555555582      0.951296270       3.24229896E-02
       67000 -0.500000000      0.945648134       3.20197158E-02
       68000 -0.513888896      0.948842585       3.16214524E-02
       69000 -0.509259284      0.946898162       3.12281437E-02
       70000 -0.555555582      0.954768538       3.08397301E-02
       71000 -0.634259284      0.948333323       2.75555644E-02
       72000 -0.587962985      0.951250017       2.72128284E-02
       73000 -0.527777791      0.957268536       2.97032371E-02
       74000 -0.518518507      0.953518510       2.93337926E-02
       75000 -0.472222209      0.957037032       3.20183001E-02
       76000 -0.560185194      0.942453682       3.49484831E-02
       77000 -0.513888896      0.956157386       3.45137939E-02
       78000 -0.560185194      0.948796272       3.08383722E-02
       79000 -0.537037015      0.945277750       3.36605720E-02
       80000 -0.564814806      0.951342583       3.32419015E-02
       81000 -0.490740746      0.946712971       3.28284465E-02
       82000 -0.546296299      0.952222228       3.58327776E-02
       83000 -0.449074060      0.949768543       3.53870913E-02
       84000 -0.504629612      0.948379636       3.16186734E-02
       85000 -0.462962955      0.952824056       3.81451510E-02
       86000 -0.472222209      0.947361112       3.40830237E-02
       87000 -0.518518507      0.948981464       3.36591005E-02
       88000 -0.449074060      0.948842585       3.67394425E-02
       89000 -0.569444418      0.944722235       3.28270011E-02
       90000 -0.486111104      0.951527774       3.24187018E-02
       91000 -0.532407403      0.946111083       3.53855304E-02
       92000 -0.500000000      0.952824056       3.49454023E-02
       93000 -0.564814806      0.958194435       3.12240161E-02
       94000 -0.583333313      0.947314799       3.08356546E-02
       95000 -0.634259284      0.944629610       2.75519229E-02
       96000 -0.560185194      0.955601871       2.72092372E-02
       97000 -0.541666687      0.954120398       2.96993144E-02
       98000 -0.560185194      0.950787008       3.58296186E-02
       99000 -0.518518507      0.940925896       3.53839733E-02
      100000 -0.634259284      0.948287010       2.86048446E-02
 Configuracion CEq
      101000 -0.634259284      0.944953680       3.12226433E-02
      102000 -0.546296299      0.951805532       3.40800099E-02
      103000 -0.541666687      0.947453678       3.04507781E-02
      104000 -0.550925910      0.949629605       3.00720315E-02
      105000 -0.550925910      0.948796272       2.96979956E-02
      106000 -0.560185194      0.952175915       2.93286163E-02
      107000 -0.569444418      0.950648129       3.20126489E-02
      108000 -0.495370358      0.953379631       3.16144750E-02
      109000 -0.601851881      0.951759279       3.12212538E-02
      110000 -0.587962985      0.948935211       2.78964583E-02
      111000 -0.532407403      0.947731495       3.04494314E-02
      112000 -0.574074090      0.951435208       3.32360379E-02
      113000 -0.564814806      0.953796268       3.28226499E-02
      114000 -0.425925940      0.953101873       3.58264484E-02
      115000 -0.495370358      0.944583356       3.53808440E-02
      116000 -0.495370358      0.952592611       3.49407829E-02
      117000 -0.523148119      0.941898167       3.45061943E-02
      118000 -0.439814806      0.950416684       3.76640595E-02
      119000 -0.467592597      0.955555558       3.36531587E-02
      120000 -0.523148119      0.950277805       3.32345776E-02
      121000 -0.587962985      0.948657393       2.96953805E-02
      122000 -0.523148119      0.955601871       3.24129872E-02
      123000 -0.546296299      0.948657393       3.20098363E-02
      124000 -0.513888896      0.952361107       3.16116996E-02
      125000 -0.527777791      0.945092618       3.12185176E-02
      126000 -0.620370388      0.947499990       2.78940089E-02
      127000 -0.652777791      0.951574087       2.75470633E-02
      128000 -0.550925910      0.957962990       2.72044335E-02
      129000 -0.597222209      0.949629605       2.68660653E-02
      130000 -0.569444418      0.954074085       2.93247346E-02
      131000 -0.550925910      0.953888893       3.20084170E-02
      132000 -0.587962985      0.948518515       2.85997931E-02
      133000 -0.597222209      0.942268491       3.12171299E-02
      134000 -0.518518507      0.949490726       3.08288503E-02
      135000 -0.513888896      0.941157401       3.04453988E-02
      136000 -0.560185194      0.949814796       3.00667230E-02
      137000 -0.652777791      0.947037041       2.96927541E-02
      138000 -0.513888896      0.948425949       2.93234345E-02
      139000 -0.523148119      0.949675918       2.89587099E-02
      140000 -0.550925910      0.948009253       3.16088907E-02
      141000 -0.532407403      0.951250017       3.12157385E-02
      142000 -0.611111104      0.944027781       2.78915334E-02
      143000 -0.578703701      0.948796272       3.04440521E-02
      144000 -0.532407403      0.951388896       3.32301669E-02
      145000 -0.500000000      0.952546299       3.62712555E-02
      146000 -0.425925940      0.955648124       3.95906568E-02
      147000 -0.449074060      0.944120347       3.90982293E-02
      148000 -0.458333343      0.956666648       3.49345952E-02
      149000 -0.546296299      0.952222228       3.45000848E-02
      150000 -0.574074090      0.951620400       3.40709761E-02
      151000 -0.523148119      0.954305530       3.36472020E-02
      152000 -0.518518507      0.951342583       3.32287028E-02
      153000 -0.555555582      0.949953675       2.96901260E-02
      154000 -0.546296299      0.949675918       3.24072428E-02
      155000 -0.523148119      0.942268491       3.53730172E-02
      156000 -0.518518507      0.950509250       3.49330418E-02
      157000 -0.467592597      0.945277750       3.44985500E-02
      158000 -0.537037015      0.949027777       3.40694562E-02
      159000 -0.495370358      0.954629600       3.36456969E-02
      160000 -0.458333343      0.949768543       3.67248170E-02
      161000 -0.398148149      0.951666653       4.00857218E-02
      162000 -0.537037015      0.950370371       3.58169340E-02
      163000 -0.476851851      0.953379631       3.53714414E-02
      164000 -0.597222209      0.950787008       3.16046812E-02
      165000 -0.569444418      0.957962990       3.12115829E-02
      166000 -0.513888896      0.946574092       3.08233742E-02
      167000 -0.481481493      0.949814796       3.04399952E-02
      168000 -0.513888896      0.947407424       3.32257338E-02
      169000 -0.495370358      0.950462937       3.62664126E-02
      170000 -0.481481493      0.946250021       3.24043483E-02
      171000 -0.509259284      0.949675918       3.53698619E-02
      172000 -0.425925940      0.954537034       3.86067703E-02
      173000 -0.583333313      0.948055565       3.12101934E-02
      174000 -0.537037015      0.952037036       3.40664238E-02
      175000 -0.495370358      0.947083354       3.36427093E-02
      176000 -0.518518507      0.951250017       3.00600473E-02
      177000 -0.523148119      0.953287065       3.62648107E-02
      178000 -0.476851851      0.953287065       3.24029215E-02
      179000 -0.490740746      0.948240757       2.89522856E-02
      180000 -0.504629612      0.950833321       3.49284001E-02
      181000 -0.500000000      0.948333323       3.44939679E-02
      182000 -0.500000000      0.953472197       3.40649299E-02
      183000 -0.453703701      0.948703706       3.36412303E-02
      184000 -0.523148119      0.945787013       3.32228057E-02
      185000 -0.458333343      0.951018512       3.62632200E-02
      186000 -0.490740746      0.954120398       3.58121768E-02
      187000 -0.467592597      0.951388896       3.53667438E-02
      188000 -0.500000000      0.949999988       3.16004865E-02
      189000 -0.490740746      0.950972199       3.81232202E-02
      190000 -0.537037015      0.944814801       3.40634324E-02
      191000 -0.513888896      0.952037036       3.71807776E-02
      192000 -0.550925910      0.939814806       3.00574061E-02
      193000 -0.462962955      0.943472207       3.62616219E-02
      194000 -0.476851851      0.946620345       3.58106010E-02
      195000 -0.458333343      0.949814796       3.19970772E-02
      196000 -0.504629612      0.949490726       3.49253193E-02
      197000 -0.439814806      0.952685177       4.21343334E-02
      198000 -0.430555552      0.948518515       3.76473852E-02
      199000 -0.509259284      0.951111138       3.71791273E-02
      200000 -0.550925910      0.949212968       3.32198702E-02
      201000 -0.518518507      0.943148136       3.62600163E-02
      202000 -0.486111104      0.950694442       3.58090140E-02
      203000 -0.500000000      0.950509250       3.90861072E-02
      204000 -0.462962955      0.946990728       3.15977000E-02
      205000 -0.444444448      0.951666653       3.81198600E-02
      206000 -0.527777791      0.950138867       3.40604261E-02
      207000 -0.490740746      0.949583352       3.36367823E-02
      208000 -0.513888896      0.949398160       3.32184099E-02
      209000 -0.476851851      0.956805527       3.28052454E-02
      210000 -0.439814806      0.948472202       3.58074419E-02
      211000 -0.541666687      0.946111083       3.53620723E-02
      212000 -0.518518507      0.950092614       3.49222459E-02
      213000 -0.513888896      0.948148131       3.44878808E-02
      214000 -0.495370358      0.948287010       3.40589173E-02
      215000 -0.486111104      0.957083344       3.36352922E-02
      216000 -0.500000000      0.951666653       3.67134623E-02
      217000 -0.500000000      0.950509250       3.28037888E-02
      218000 -0.472222209      0.953750014       3.58058587E-02
      219000 -0.504629612      0.949259281       3.19928415E-02
      220000 -0.476851851      0.953796268       3.49206924E-02
      221000 -0.546296299      0.952731490       3.12019400E-02
      222000 -0.527777791      0.951620400       3.08138486E-02
      223000 -0.527777791      0.953842580       3.36338058E-02
      224000 -0.523148119      0.943611085       3.00520938E-02
      225000 -0.490740746      0.946666658       3.28023396E-02
      226000 -0.527777791      0.954999983       3.23943458E-02
      227000 -0.583333313      0.952083349       2.89446283E-02
      228000 -0.574074090      0.952129602       3.15935202E-02
      229000 -0.518518507      0.950925946       3.12005635E-02
      230000 -0.592592597      0.949120343       3.08124963E-02
      231000 -0.634259284      0.957037032       2.75312290E-02
      232000 -0.564814806      0.943148136       3.00507732E-02
      233000 -0.574074090      0.952268541       3.28008980E-02
      234000 -0.564814806      0.953148127       3.23929191E-02
      235000 -0.546296299      0.945324063       2.89433450E-02
      236000 -0.537037015      0.948333323       2.85833515E-02
      237000 -0.564814806      0.946944416       2.82278396E-02
      238000 -0.606481493      0.945138872       2.78767422E-02
      239000 -0.495370358      0.952499986       3.36308442E-02
      240000 -0.490740746      0.953842580       3.67086083E-02
      241000 -0.513888896      0.954444468       3.62520255E-02
      242000 -0.449074060      0.945277750       3.58011201E-02
      243000 -0.518518507      0.943101823       3.53558287E-02
      244000 -0.472222209      0.950925946       3.49160768E-02
      245000 -0.523148119      0.949675918       3.11978143E-02
      246000 -0.518518507      0.948101878       3.08097769E-02
      247000 -0.578703701      0.955462992       3.04265693E-02
      248000 -0.500000000      0.941712976       3.67069878E-02
      249000 -0.481481493      0.949814796       3.27980109E-02
      250000 -0.564814806      0.943472207       2.93053035E-02
      251000 -0.449074060      0.950787008       3.90757769E-02
      252000 -0.495370358      0.949722230       3.49145457E-02
      253000 -0.537037015      0.952916682       3.11964471E-02
      254000 -0.495370358      0.951111138       3.40514183E-02
      255000 -0.412037045      0.964166641       3.36278863E-02
      256000 -0.430555552      0.950925946       4.05690931E-02
      257000 -0.476851851      0.948379636       3.27965580E-02
      258000 -0.476851851      0.942592621       3.57979648E-02
      259000 -0.462962955      0.953333318       3.53527144E-02
      260000 -0.486111104      0.951805532       3.49130072E-02
      261000 -0.486111104      0.948981464       3.11950706E-02
      262000 -0.453703701      0.949351847       3.40499133E-02
      263000 -0.518518507      0.959629655       3.36264074E-02
      264000 -0.527777791      0.944212973       3.67037579E-02
      265000 -0.495370358      0.948194444       3.27951163E-02
      266000 -0.430555552      0.957638860       3.57963927E-02
      267000 -0.472222209      0.944861114       3.53511609E-02
      268000 -0.467592597      0.949490726       3.49114686E-02
      269000 -0.574074090      0.944999993       3.11936978E-02
      270000 -0.555555582      0.948750019       2.78718378E-02
      271000 -0.541666687      0.958101869       3.04225534E-02
      272000 -0.532407403      0.955462992       3.00441589E-02
      273000 -0.523148119      0.945370376       2.96704713E-02
      274000 -0.592592597      0.941759288       3.23857926E-02
      275000 -0.486111104      0.956157386       3.19829769E-02
      276000 -0.472222209      0.950462937       3.85846533E-02
      277000 -0.486111104      0.945092618       3.44757140E-02
      278000 -0.527777791      0.953564823       3.40469070E-02
      279000 -0.513888896      0.948101878       3.36234346E-02
      280000 -0.537037015      0.943425953       3.32052261E-02
      281000 -0.509259284      0.944259286       3.27922180E-02
      282000 -0.486111104      0.951805532       3.57932262E-02
      283000 -0.537037015      0.944629610       3.19815539E-02
      284000 -0.564814806      0.952407420       3.15837674E-02
      285000 -0.560185194      0.951111138       3.11909281E-02
      286000 -0.611111104      0.946712971       3.08029763E-02
      287000 -0.615740716      0.950509250       3.04198526E-02
      288000 -0.476851851      0.949814796       3.32037508E-02
      289000 -0.476851851      0.954583347       3.27907652E-02
      290000 -0.509259284      0.952037036       3.57916392E-02
      291000 -0.509259284      0.955277801       3.53464670E-02
      292000 -0.462962955      0.951620400       3.49068269E-02
      293000 -0.555555582      0.949166656       3.11895497E-02
      294000 -0.518518507      0.943009257       3.08016203E-02
      295000 -0.597222209      0.956527770       3.04185115E-02
      296000 -0.513888896      0.951111138       3.66972685E-02
      297000 -0.532407403      0.949629605       3.62408310E-02
      298000 -0.472222209      0.958611131       3.23814973E-02
      299000 -0.467592597      0.947731495       3.90654393E-02
      300000 -0.513888896      0.958194435       3.49053070E-02
 DONE ALL CONFIGURATIONS
 DONE SAVING CONFIG FINAL
 CLEAR MEMORY
  0.100000001      0.154765531    
 GDR DONE, SAVE
 GDR DONE CALC
 DONE
 ===================================================================
