 NUMERO DE PARTICULAS
         250
 CONCENTRACION REDUCIDA
  0.100000001    
 NUMERO DE CICLOS
      100000
 MONITOREO EN PANTALLA (CADA CAUNTOS CICLOS)
        1000
 NUMERO DE PASOS PARA GUARDAR CONFIGURACION
         100
 FRECUENCIA DE CORRECCION EN DESPLAZAMIENTO
         100
 =============================================================================
 LONGITUD DE LA CELDA:   13.5720892    
 CONFIGURACION INICIAL LISTA
 ENERGIA DE LA CONFIGURACION INICIAL:   0.00000000    
 =============================================================================
 |CONFIG||ENERGIA PARTICULA||RATIO||DR|
        1000   0.00000000      0.942879975      0.147376105    
        2000   0.00000000      0.953320026      0.160863355    
        3000   0.00000000      0.956640005      0.143732771    
        4000   0.00000000      0.943199992      0.141945019    
        5000   0.00000000      0.948119998      0.140179500    
        6000   0.00000000      0.944400012      0.138435960    
        7000   0.00000000      0.947120011      0.167010844    
        8000   0.00000000      0.949519992      0.149225593    
        9000   0.00000000      0.945479989      0.147369534    
       10000   0.00000000      0.956439972      0.145536542    
       11000   0.00000000      0.946160018      0.143726364    
       12000   0.00000000      0.951919973      0.141938671    
       13000   0.00000000      0.945599973      0.140173241    
       14000   0.00000000      0.946839988      0.138429776    
       15000   0.00000000      0.951680005      0.151098296    
       16000   0.00000000      0.949360013      0.149218947    
       17000   0.00000000      0.948119998      0.147362977    
       18000   0.00000000      0.946640015      0.145530075    
       19000   0.00000000      0.949119985      0.130032361    
       20000   0.00000000      0.948639989      0.141932383    
       21000   0.00000000      0.958440006      0.154921487    
       22000   0.00000000      0.953960001      0.138423696    
       23000   0.00000000      0.946560025      0.136702001    
       24000   0.00000000      0.948880017      0.135001734    
       25000   0.00000000      0.951200008      0.147356540    
       26000   0.00000000      0.950680017      0.160842016    
       27000   0.00000000      0.954879999      0.143713728    
       28000   0.00000000      0.958440006      0.141926244    
       29000   0.00000000      0.954559982      0.154914737    
       30000   0.00000000      0.948040009      0.138417631    
       31000   0.00000000      0.957040012      0.151085034    
       32000   0.00000000      0.945119977      0.149205849    
       33000   0.00000000      0.950640023      0.162860572    
       34000   0.00000000      0.945959985      0.145517305    
       35000   0.00000000      0.952560008      0.175553888    
       36000   0.00000000      0.951600015      0.156858906    
       37000   0.00000000      0.950360000      0.154907897    
       38000   0.00000000      0.957120001      0.152981147    
       39000   0.00000000      0.959360003      0.151078373    
       40000   0.00000000      0.950079978      0.164904475    
       41000   0.00000000      0.952520013      0.147343591    
       42000   0.00000000      0.950200021      0.145510942    
       43000   0.00000000      0.945559978      0.143701077    
       44000   0.00000000      0.946919978      0.156852007    
       45000   0.00000000      0.949760020      0.140148595    
       46000   0.00000000      0.954559982      0.152974427    
       47000   0.00000000      0.946439981      0.151071772    
       48000   0.00000000      0.955280006      0.149192780    
       49000   0.00000000      0.953559995      0.162846297    
       50000   0.00000000      0.953000009      0.160820797    
       51000   0.00000000      0.941439986      0.158820540    
       52000   0.00000000      0.949599981      0.141907528    
       53000   0.00000000      0.947160006      0.154894322    
       54000   0.00000000      0.954079986      0.152967766    
       55000   0.00000000      0.945079982      0.136677980    
       56000   0.00000000      0.945760012      0.134977996    
       57000   0.00000000      0.946720004      0.133299142    
       58000   0.00000000      0.951399982      0.145498142    
       59000   0.00000000      0.950280011      0.158813536    
       60000   0.00000000      0.942319989      0.156838238    
       61000   0.00000000      0.951919973      0.154887483    
       62000   0.00000000      0.947799981      0.138393283    
       63000   0.00000000      0.947880030      0.151058465    
       64000   0.00000000      0.954280019      0.149179623    
       65000   0.00000000      0.955359995      0.147324100    
       66000   0.00000000      0.948360026      0.131635323    
       67000   0.00000000      0.949119985      0.143682033    
       68000   0.00000000      0.946720004      0.141894907    
       69000   0.00000000      0.950879991      0.154880553    
       70000   0.00000000      0.948759973      0.152954146    
       71000   0.00000000      0.948239982      0.151051700    
       72000   0.00000000      0.959999979      0.149172932    
       73000   0.00000000      0.947960019      0.147317529    
       74000   0.00000000      0.951960027      0.160799414    
       75000   0.00000000      0.947319984      0.143675640    
       76000   0.00000000      0.949280024      0.141888604    
       77000   0.00000000      0.957120001      0.140123814    
       78000   0.00000000      0.950839996      0.152947396    
       79000   0.00000000      0.944559991      0.151045054    
       80000   0.00000000      0.955640018      0.149166375    
       81000   0.00000000      0.956839979      0.147311047    
       82000   0.00000000      0.950839996      0.160792351    
       83000   0.00000000      0.943400025      0.158792421    
       84000   0.00000000      0.946720004      0.141882390    
       85000   0.00000000      0.952319980      0.154866919    
       86000   0.00000000      0.951120019      0.169039711    
       87000   0.00000000      0.955280006      0.151038423    
       88000   0.00000000      0.945919991      0.149159789    
       89000   0.00000000      0.948719978      0.147304550    
       90000   0.00000000      0.952759981      0.145472392    
       91000   0.00000000      0.947759986      0.143663034    
       92000   0.00000000      0.946839988      0.141876161    
       93000   0.00000000      0.950919986      0.154860109    
       94000   0.00000000      0.951960027      0.152933970    
       95000   0.00000000      0.947319984      0.151031807    
       96000   0.00000000      0.949199975      0.149153292    
       97000   0.00000000      0.951839983      0.147298127    
       98000   0.00000000      0.950999975      0.145466045    
       99000   0.00000000      0.954360008      0.158778504    
      100000   0.00000000      0.952040017      0.156803623    
 DONE ALL CONFIGURATIONS
 DONE SAVING CONFIG FINAL
 CLEAR MEMORY
   0.00000000       1.12781239       1.17715633    
 GDR DONE, SAVE
 GDR DONE CALC
 DONE
595.02user 0.21system 9:56.32elapsed 99%CPU (0avgtext+0avgdata 5112maxresident)k
120inputs+6264outputs (1major+834minor)pagefaults 0swaps
