 =============================================================================
 NUMERO DE PARTICULAS
         216
 CONCENTRACION REDUCIDA
  0.200000003    
 NUMERO DE CICLOS
      300000
 MONITOREO EN PANTALLA (CADA CAUNTOS CICLOS)
        1000
 NUMERO DE PASOS PARA GUARDAR CONFIGURACION
         100
 FRECUENCIA DE CORRECCION EN DESPLAZAMIENTO
         100
 =============================================================================
 LONGITUD DE LA CELDA:   10.2598562    
 CONFIGURACION INICIAL LISTA
 ENERGIA DE LA CONFIGURACION INICIAL:  -145.945831    
 Archivo Terma02.dat
 =============================================================================
 |CONFIG||ENERGIA PARTICULA||RATIO||DR|
        1000  -1.68918681      0.769212961       5.98736815E-02
        2000  -1.81431174      0.846574068       3.58485803E-02
        3000  -1.84559298      0.897592604       2.14638636E-02
        4000  -1.89564288      0.936249971       1.28512057E-02
        5000  -1.84559298      0.942453682       1.14826616E-02
        6000  -1.80179918      0.944814801       1.25335082E-02
        7000  -1.85184920      0.945601881       1.11987954E-02
        8000  -1.78928673      0.949398160       1.10595059E-02
        9000  -1.79554296      0.942546308       1.20716272E-02
       10000  -1.80179918      0.947638869       1.07861022E-02
       11000  -1.75174928      0.946851850       1.17732026E-02
       12000  -1.78303051      0.944768548       1.16267679E-02
       13000  -1.81431174      0.955833316       1.26908021E-02
       14000  -1.85184920      0.940509260       1.13393413E-02
       15000  -1.78928673      0.947916687       1.11983037E-02
       16000  -1.88938665      0.957824051       1.10590188E-02
       17000  -1.92692411      0.951805532       1.20710954E-02
       18000  -1.95820534      0.947870374       9.75842495E-03
       19000  -1.94569290      0.951851845       1.06514776E-02
       20000  -1.96446157      0.953611135       1.05189960E-02
       21000  -1.92066789      0.955138862       1.03881620E-02
       22000  -1.86436164      0.952546299       1.02589549E-02
       23000  -1.93318033      0.945925951       1.11978129E-02
       24000  -1.91441166      0.951805532       1.35091795E-02
       25000  -1.93943655      0.951296270       1.09209903E-02
       26000  -1.82056797      0.937129617       1.19204354E-02
       27000  -1.92692411      0.944351852       1.17721697E-02
       28000  -1.82056797      0.944027781       1.16257481E-02
       29000  -1.90189910      0.954398155       1.26896882E-02
       30000  -1.91441166      0.952037036       1.13383438E-02
       31000  -1.88938665      0.945879638       1.11973183E-02
       32000  -1.90815532      0.947268546       1.10580465E-02
       33000  -1.88938665      0.950462937       1.09205069E-02
       34000  -1.84559298      0.954398155       1.19199082E-02
       35000  -1.88313043      0.956527770       1.17716482E-02
       36000  -1.83933663      0.950972199       1.16252331E-02
       37000  -1.89564288      0.946851850       9.39798355E-03
       38000  -1.92692411      0.942268491       1.13378428E-02
       39000  -2.03953648      0.943472207       1.11968229E-02
       40000  -1.95820534      0.949907422       9.05165076E-03
       41000  -1.87687409      0.948750019       1.09200226E-02
       42000  -1.90189910      0.946018517       1.07841995E-02
       43000  -1.88938665      0.946759284       1.06500657E-02
       44000  -1.94569290      0.951805532       1.05176000E-02
       45000  -1.93318033      0.942824066       1.14801275E-02
       46000  -1.99574280      0.950509250       1.13373371E-02
       47000  -1.90815532      0.951342583       1.11963246E-02
       48000  -1.93318033      0.954490721       1.10570639E-02
       49000  -1.79554296      0.945416689       1.20689627E-02
       50000  -1.87687409      0.940787017       1.19188502E-02
       51000  -1.82682419      0.953055561       1.17706042E-02
       52000  -1.73298049      0.941759288       1.16242012E-02
       53000  -1.76426172      0.953564823       1.14796199E-02
       54000  -1.74549305      0.953611135       1.25301871E-02
       55000  -1.77051795      0.951574087       1.23743387E-02
       56000  -1.80805540      0.943333328       1.22204283E-02
       57000  -1.90815532      0.947037041       1.20684318E-02
       58000  -1.82056797      0.949768543       9.75627173E-03
       59000  -1.91441166      0.954398155       1.17700864E-02
       60000  -2.02702403      0.943842590       1.05166724E-02
       61000  -1.89564288      0.949259281       1.14791160E-02
       62000  -1.82056797      0.953240752       1.13363406E-02
       63000  -1.93318033      0.951435208       1.11953411E-02
       64000  -1.80805540      0.955185175       1.10560944E-02
       65000  -1.92066789      0.944212973       1.09185781E-02
       66000  -1.81431174      0.947592616       1.07827755E-02
       67000  -1.85184920      0.953981459       1.17695695E-02
       68000  -1.80179918      0.946481466       1.05162114E-02
       69000  -1.78928673      0.938750029       1.14786122E-02
       70000  -1.76426172      0.948564827       1.02562383E-02
       71000  -1.86436164      0.943796277       1.11948466E-02
       72000  -1.80179918      0.948564827       1.10556055E-02
       73000  -1.88938665      0.947407424       1.09180966E-02
       74000  -1.84559298      0.946388900       9.75541398E-03
       75000  -1.95820534      0.951944470       1.30078979E-02
       76000  -1.85184920      0.946805537       1.16226682E-02
       77000  -1.74549305      0.955787063       1.26863271E-02
       78000  -1.69544303      0.947222233       1.13353413E-02
       79000  -1.68293059      0.949999988       1.11943511E-02
       80000  -1.80179918      0.951388896       1.35050025E-02
       81000  -1.82056797      0.950462937       1.33370282E-02
       82000  -1.80805540      0.952731490       1.19167501E-02
       83000  -1.81431174      0.945972204       1.17685301E-02
       84000  -1.76426172      0.951898158       1.28455386E-02
       85000  -1.78928673      0.958657384       1.14775971E-02
       86000  -1.72672427      0.952731490       1.25279799E-02
       87000  -1.70795548      0.955694437       1.23721575E-02
       88000  -1.77051795      0.953101873       1.22182732E-02
       89000  -1.65164936      0.950277805       1.33364405E-02
       90000  -1.77677429      0.949629605       1.19162230E-02
       91000  -1.78303051      0.947407424       1.17680095E-02
       92000  -1.74549305      0.954398155       1.28449704E-02
       93000  -1.70169926      0.949398160       1.14770923E-02
       94000  -1.70169926      0.955879629       1.25274286E-02
       95000  -1.87061787      0.948055565       1.11933639E-02
       96000  -1.70169926      0.949305534       1.10541405E-02
       97000  -1.75800550      0.949999988       1.20657692E-02
       98000  -1.77677429      0.955277801       1.19156949E-02
       99000  -1.73923671      0.954351842       1.17674880E-02
      100000  -1.72672427      0.953333318       1.16211241E-02
 Configuracion CEq
      101000  -1.72046804      0.945324063       1.26846423E-02
      102000  -1.80179918      0.955601871       1.13338362E-02
      103000  -1.82056797      0.956157386       1.11928666E-02
      104000  -1.87061787      0.950416684       1.22171910E-02
      105000  -1.84559298      0.946712971       1.09161651E-02
      106000  -1.81431174      0.953842580       1.19151687E-02
      107000  -1.83308041      0.958240747       1.17669683E-02
      108000  -1.80179918      0.948287010       1.16206100E-02
      109000  -1.80805540      0.950231493       1.14760734E-02
      110000  -1.82682419      0.947962940       1.13333343E-02
      111000  -1.80179918      0.950277805       1.23705156E-02
      112000  -1.83308041      0.953703701       1.22166527E-02
      113000  -1.87061787      0.952638865       1.20647037E-02
      114000  -1.80805540      0.946203709       1.19146435E-02
      115000  -1.89564288      0.947546303       1.06458357E-02
      116000  -1.90815532      0.955787063       1.05134239E-02
      117000  -1.83308041      0.949907422       1.03826588E-02
      118000  -1.74549305      0.949166656       1.13328369E-02
      119000  -1.73923671      0.955787063       1.23699708E-02
      120000  -1.76426172      0.950787008       1.35020204E-02
      121000  -1.75800550      0.954814792       1.20641701E-02
      122000  -1.90189910      0.950787008       1.19141154E-02
      123000  -1.82682419      0.951064825       1.30044464E-02
      124000  -1.73923671      0.944259286       1.16195846E-02
      125000  -1.77051795      0.949305534       1.14750601E-02
      126000  -1.83933663      0.948194444       1.02530653E-02
      127000  -1.67041802      0.952731490       1.23694250E-02
      128000  -1.70169926      0.946620345       1.22155743E-02
      129000  -1.72672427      0.957361102       1.20636383E-02
      130000  -1.94569290      0.942777753       1.07789645E-02
      131000  -1.78928673      0.949814796       1.06448969E-02
      132000  -1.85810542      0.944027781       1.05124963E-02
      133000  -1.87061787      0.952222228       1.14745563E-02
      134000  -1.85810542      0.952824056       1.25246607E-02
      135000  -1.90815532      0.945879638       1.01250922E-02
      136000  -1.78303051      0.956388891       1.22150369E-02
      137000  -1.72046804      0.948472202       1.20631084E-02
      138000  -1.77051795      0.943842590       1.19130677E-02
      139000  -1.87687409      0.944814801       1.17648924E-02
      140000  -1.77051795      0.942407429       1.16185611E-02
      141000  -1.78928673      0.940138876       1.26818437E-02
      142000  -1.75800550      0.947268546       1.13313366E-02
      143000  -1.76426172      0.946342587       1.11903986E-02
      144000  -1.73923671      0.956898153       1.22144977E-02
      145000  -1.87687409      0.945555568       1.09137585E-02
      146000  -1.89564288      0.944537044       1.07780145E-02
      147000  -1.75174928      0.949490726       1.17643755E-02
      148000  -1.75174928      0.954166651       1.28410030E-02
      149000  -1.68293059      0.955787063       1.26812877E-02
      150000  -1.70169926      0.949629605       1.13308383E-02
      151000  -1.77051795      0.953287065       1.23677896E-02
      152000  -1.81431174      0.944999993       1.10507263E-02
      153000  -1.80179918      0.953101873       1.33317336E-02
      154000  -1.87687409      0.952129602       1.19120190E-02
      155000  -1.81431174      0.939212978       1.17638577E-02
      156000  -1.78303051      0.949074090       1.16175395E-02
      157000  -1.83308041      0.957129657       1.14730429E-02
      158000  -1.90189910      0.955648124       1.25230094E-02
      159000  -1.90189910      0.943842590       1.11894170E-02
      160000  -1.89564288      0.938333333       1.10502439E-02
      161000  -1.84559298      0.961388886       1.20615158E-02
      162000  -1.82682419      0.945324063       1.19114975E-02
      163000  -1.93318033      0.943425953       1.06430249E-02
      164000  -1.88938665      0.935972214       1.05106477E-02
      165000  -1.88938665      0.949768543       9.39135440E-03
      166000  -1.83308041      0.950462937       1.13298465E-02
      167000  -1.92692411      0.943518519       1.11889262E-02
      168000  -1.85810542      0.949583352       1.10497605E-02
      169000  -1.76426172      0.954999983       1.20609896E-02
      170000  -1.69544303      0.952129602       1.19109759E-02
      171000  -1.88938665      0.950462937       1.17628276E-02
      172000  -1.87061787      0.945787013       1.16165224E-02
      173000  -1.86436164      0.952916682       1.14720371E-02
      174000  -1.76426172      0.942499995       1.25219105E-02
      175000  -1.81431174      0.955694437       1.23661635E-02
      176000  -1.87061787      0.950833321       1.22123528E-02
      177000  -1.81431174      0.947129607       1.09118419E-02
      178000  -1.85184920      0.944305539       1.19104488E-02
      179000  -1.76426172      0.949027777       1.17623061E-02
      180000  -1.73923671      0.949999988       1.05097210E-02
      181000  -1.76426172      0.946064830       1.14715276E-02
      182000  -1.87061787      0.945972204       1.13288462E-02
      183000  -1.83308041      0.948657393       1.11879390E-02
      184000  -1.89564288      0.951111138       1.22118136E-02
      185000  -1.87061787      0.955324054       1.09113613E-02
      186000  -1.90189910      0.950185180       1.07756462E-02
      187000  -1.88938665      0.945092618       1.06416196E-02
      188000  -1.85810542      0.955925941       1.16154971E-02
      189000  -1.84559298      0.953703701       1.26785012E-02
      190000  -1.71421182      0.950555563       1.38387866E-02
      191000  -1.82682419      0.947731495       1.23650758E-02
      192000  -1.76426172      0.941064835       1.22112818E-02
      193000  -1.78928673      0.951805532       1.20593989E-02
      194000  -1.73298049      0.952870369       1.31630255E-02
      195000  -1.77051795      0.945694447       1.17612751E-02
      196000  -1.73298049      0.956851840       1.28376186E-02
      197000  -1.72672427      0.956064820       1.26779433E-02
      198000  -1.67041802      0.948055565       1.25202555E-02
      199000  -1.64539313      0.952592611       1.23645291E-02
      200000  -1.63913679      0.944629610       1.22107407E-02
      201000  -1.67041802      0.947824061       1.20588653E-02
      202000  -1.77051795      0.947824061       1.07746990E-02
      203000  -1.76426172      0.953194439       1.17607573E-02
      204000  -2.00825524      0.949027777       9.50754434E-03
      205000  -1.92692411      0.948796272       9.38928965E-03
      206000  -1.85184920      0.949583352       1.02485586E-02
      207000  -1.82682419      0.955740750       1.11864656E-02
      208000  -1.87061787      0.950509250       1.22102061E-02
      209000  -1.94569290      0.954814792       1.20583344E-02
      210000  -1.93318033      0.946388900       1.07742250E-02
      211000  -1.90189910      0.952083349       1.17602386E-02
      212000  -1.92692411      0.946620345       1.16139641E-02
      213000  -1.92066789      0.942407429       1.14695104E-02
      214000  -2.05830526      0.958287060       1.02481060E-02
      215000  -2.01451159      0.948842585       1.11859720E-02
      216000  -2.01451159      0.950138867       1.10468427E-02
      217000  -1.87687409      0.946481466       9.87044908E-03
      218000  -1.85184920      0.956898153       1.19078290E-02
      219000  -1.84559298      0.951527774       1.17597170E-02
      220000  -1.86436164      0.949305534       1.05074085E-02
      221000  -1.90815532      0.951203704       1.26762670E-02
      222000  -1.97071779      0.958935201       1.02476543E-02
      223000  -1.86436164      0.947777748       1.11854775E-02
      224000  -1.82056797      0.953564823       1.22091258E-02
      225000  -1.95820534      0.946250021       1.09089585E-02
      226000  -1.87061787      0.947361112       1.07732741E-02
      227000  -1.90815532      0.950555563       1.06392764E-02
      228000  -1.89564288      0.953472197       1.16129406E-02
      229000  -1.90189910      0.948148131       1.03762606E-02
      230000  -1.77677429      0.946481466       1.13258539E-02
      231000  -1.81431174      0.952592611       1.23623507E-02
      232000  -1.77051795      0.945833325       1.22085894E-02
      233000  -1.72672427      0.949120343       1.09084770E-02
      234000  -1.79554296      0.955185175       1.31601216E-02
      235000  -1.84559298      0.948101878       1.17586814E-02
      236000  -1.85184920      0.940462947       1.16124256E-02
      237000  -1.85810542      0.959907413       1.14679914E-02
      238000  -1.75174928      0.943472207       1.13253528E-02
      239000  -1.87687409      0.957407415       1.23618022E-02
      240000  -1.79554296      0.950370371       1.22080473E-02
      241000  -1.79554296      0.950185180       1.20562045E-02
      242000  -1.68918681      0.951296270       1.45447534E-02
      243000  -1.64539313      0.950138867       1.29958615E-02
      244000  -1.62662435      0.953703701       1.28342202E-02
      245000  -1.69544303      0.947037041       1.26745887E-02
      246000  -1.67041802      0.951851845       1.25169428E-02
      247000  -1.73298049      0.952916682       1.23612592E-02
      248000  -1.85184920      0.947916687       1.10448916E-02
      249000  -1.63913679      0.951712966       1.33246928E-02
      250000  -1.69544303      0.952129602       1.31589603E-02
      251000  -1.82056797      0.944583356       1.17576439E-02
      252000  -1.85810542      0.945833325       1.16114030E-02
      253000  -1.85184920      0.943101823       1.14669809E-02
      254000  -1.93318033      0.943703711       1.02458438E-02
      255000  -1.91441166      0.959490716       1.11835012E-02
      256000  -1.88938665      0.944351852       1.10444007E-02
      257000  -1.95194912      0.951064825       1.09070307E-02
      258000  -1.89564288      0.951018512       1.07713686E-02
      259000  -2.00825524      0.953564823       1.17571214E-02
      260000  -1.83933663      0.954398155       1.05050905E-02
      261000  -1.98948658      0.944490731       1.03744287E-02
      262000  -1.95194912      0.942870378       1.13238543E-02
      263000  -1.92692411      0.948101878       1.01179602E-02
      264000  -1.82682419      0.948518515       1.10439146E-02
      265000  -1.82682419      0.959907413       1.20546082E-02
      266000  -1.70795548      0.955138862       1.07708955E-02
      267000  -1.72672427      0.947638869       1.17566027E-02
      268000  -1.75174928      0.954120398       1.28325177E-02
      269000  -1.77677429      0.948055565       1.14659639E-02
      270000  -1.81431174      0.944166660       1.25152841E-02
      271000  -1.78928673      0.942453682       1.23596201E-02
      272000  -1.87687409      0.952962935       1.22058932E-02
      273000  -1.88313043      0.952175915       1.20540764E-02
      274000  -1.87687409      0.955185175       9.74466745E-03
      275000  -1.92066789      0.952962935       1.17560858E-02
      276000  -1.93943655      0.957453728       1.05041629E-02
      277000  -2.02076769      0.949583352       1.03735123E-02
      278000  -2.02076769      0.951574087       1.13228541E-02
      279000  -1.97697401      0.951296270       1.11820223E-02
      280000  -2.05830526      0.949027777       9.99123324E-03
      281000  -2.03953648      0.956342578       1.09055918E-02
      282000  -2.08333015      0.942037046       1.07699493E-02
      283000  -1.98323035      0.954675913       1.06359934E-02
      284000  -1.98948658      0.951342583       1.16093550E-02
      285000  -1.95194912      0.954907417       1.03730578E-02
      286000  -2.01451159      0.951759279       1.13223586E-02
      287000  -2.13338017      0.948287010       1.01166246E-02
      288000  -1.98948658      0.958425939       1.10424580E-02
      289000  -1.99574280      0.943425953       1.09051149E-02
      290000  -1.84559298      0.952037036       1.19031053E-02
      291000  -1.88938665      0.958657384       1.06355259E-02
      292000  -1.88938665      0.949814796       9.50293243E-03
      293000  -1.93318033      0.953842580       1.14644524E-02
      294000  -1.84559298      0.947777748       1.13218594E-02
      295000  -1.85184920      0.948981464       1.11810388E-02
      296000  -1.93943655      0.944583356       1.10419691E-02
      297000  -1.94569290      0.955138862       1.20524848E-02
      298000  -1.90815532      0.951620400       1.19025782E-02
      299000  -1.83933663      0.959351838       1.17545333E-02
      300000  -1.78928673      0.952407420       1.16083305E-02
 DONE ALL CONFIGURATIONS
 DONE SAVING CONFIG FINAL
 CLEAR MEMORY
  0.200000003      0.495438963    
 GDR DONE, SAVE
 GDR DONE CALC
 DONE
 ===================================================================
