 =============================================================================
 NUMERO DE PARTICULAS
         216
 CONCENTRACION REDUCIDA
  0.600000024    
 NUMERO DE CICLOS
      300000
 MONITOREO EN PANTALLA (CADA CAUNTOS CICLOS)
        1000
 NUMERO DE PASOS PARA GUARDAR CONFIGURACION
         100
 FRECUENCIA DE CORRECCION EN DESPLAZAMIENTO
         100
 =============================================================================
 LONGITUD DE LA CELDA:   7.11378717    
 CONFIGURACION INICIAL LISTA
 ENERGIA DE LA CONFIGURACION INICIAL:  -666.218628    
 Archivo Terma06.dat
 =============================================================================
 |CONFIG||ENERGIA PARTICULA||RATIO||DR|
        1000  -4.24804163      0.505324066       7.31420815E-02
        2000  -4.04158115      0.481296301       7.22323582E-02
        3000  -4.08536959      0.491435200       7.13339299E-02
        4000  -4.24802303      0.492685199       7.04466850E-02
        5000  -4.04782248      0.508333325       7.68936649E-02
        6000  -4.21676350      0.513888896       7.59372562E-02
        7000  -4.07288027      0.503981471       7.49927536E-02
        8000  -4.19801903      0.500046313       7.40599930E-02
        9000  -4.42950392      0.510138869       7.31388405E-02
       10000  -4.47330427      0.502268493       7.22291321E-02
       11000  -4.22304821      0.501018524       7.13307485E-02
       12000  -4.42324162      0.505370378       7.04435334E-02
       13000  -4.31688547      0.469768524       6.95673451E-02
       14000  -4.17925692      0.504814804       7.59338588E-02
       15000  -4.47956800      0.477962971       6.78475574E-02
       16000  -4.32316017      0.500046313       7.40566924E-02
       17000  -4.31689405      0.499953717       6.61702901E-02
       18000  -4.37318468      0.500231504       7.22259283E-02
       19000  -4.22928810      0.518518507       7.13275820E-02
       20000  -4.33565760      0.479583323       7.04404116E-02
       21000  -4.30437851      0.470787048       6.95642605E-02
       22000  -4.23556757      0.488472223       6.86990321E-02
       23000  -4.20428514      0.500833333       7.49860927E-02
       24000  -4.40449905      0.505370378       7.40534216E-02
       25000  -4.27310991      0.491851866       6.61673695E-02
       26000  -4.39198160      0.496990740       6.53443784E-02
       27000  -4.39824390      0.495231479       6.45316243E-02
       28000  -4.42327166      0.508796275       7.04372898E-02
       29000  -4.22307348      0.508842587       6.95612058E-02
       30000  -4.31691694      0.492453694       6.86960071E-02
       31000  -4.34819412      0.498888880       6.78415820E-02
       32000  -4.31691027      0.495138884       6.69977739E-02
       33000  -4.34818983      0.501574099       7.31291324E-02
       34000  -4.28563118      0.474583328       7.22195655E-02
       35000  -4.27310562      0.498842597       6.45288005E-02
       36000  -4.05413485      0.493009269       7.04341978E-02
       37000  -4.21054840      0.503055573       7.68800452E-02
       38000  -4.26057434      0.496296287       6.86929747E-02
       39000  -4.29811716      0.496759266       6.78385794E-02
       40000  -4.32314301      0.507222235       7.40468875E-02
       41000  -4.18550158      0.511296272       7.31258988E-02
       42000  -4.26056337      0.504305542       7.22163543E-02
       43000  -4.26057005      0.505740762       7.13181347E-02
       44000  -4.16047478      0.484027773       7.04310760E-02
       45000  -4.45452785      0.515138865       6.95550516E-02
       46000  -4.59218454      0.507083356       6.86899275E-02
       47000  -4.36697149      0.515416682       6.78355694E-02
       48000  -4.42326593      0.494907409       6.69918209E-02
       49000  -4.42951918      0.491203696       6.61585778E-02
       50000  -4.26059198      0.496435195       6.53357059E-02
       51000  -4.16047430      0.535185158       7.13149607E-02
       52000  -4.19175959      0.492083341       7.04279393E-02
       53000  -4.09790230      0.505694449       7.68732131E-02
       54000  -4.21051025      0.496712953       6.86868802E-02
       55000  -4.09163284      0.498009264       6.78325593E-02
       56000  -4.14795113      0.497962952       6.69888556E-02
       57000  -4.17921877      0.503888905       7.31194019E-02
       58000  -4.06034184      0.491111100       7.22099468E-02
       59000  -4.27305412      0.488564819       7.13118166E-02
       60000  -4.29807568      0.486111104       7.04248399E-02
       61000  -4.34812355      0.487546295       6.95489049E-02
       62000  -4.42321062      0.491157413       6.86838627E-02
       63000  -4.26054335      0.505416691       7.49695376E-02
       64000  -4.21674299      0.503009260       7.40370676E-02
       65000  -4.19171524      0.510879636       7.31162131E-02
       66000  -4.34811640      0.511805534       7.22067878E-02
       67000  -4.42319584      0.492916673       6.45173863E-02
       68000  -4.36062860      0.514444470       7.04217553E-02
       69000  -4.37937832      0.475740731       6.95458502E-02
       70000  -4.26051378      0.479259253       6.86808378E-02
       71000  -4.29179144      0.497777790       6.78265989E-02
       72000  -4.27301359      0.497453690       6.69829622E-02
       73000  -4.21046066      0.505509257       7.31129646E-02
       74000  -4.22298145      0.514675915       7.22035840E-02
       75000  -4.38563919      0.467546284       7.13055134E-02
       76000  -4.45445347      0.479351848       7.04186186E-02
       77000  -4.27302742      0.502546310       6.95427507E-02
       78000  -4.30431557      0.524305582       6.86777681E-02
       79000  -4.39816475      0.504675925       6.78235516E-02
       80000  -4.31057119      0.490879625       6.69799745E-02
       81000  -4.41067076      0.505092621       7.31097013E-02
       82000  -4.34186172      0.518796325       7.22003728E-02
       83000  -4.25427151      0.488425940       7.13023543E-02
       84000  -4.36063957      0.505879641       7.04155043E-02
       85000  -4.24176645      0.516250014       6.95396811E-02
       86000  -4.52956963      0.518240750       6.86747432E-02
       87000  -4.36064529      0.510277748       6.78205714E-02
       88000  -4.39191818      0.485833347       6.69770241E-02
       89000  -4.40440893      0.487453699       6.61439747E-02
       90000  -4.30431032      0.502916694       7.21971914E-02
       91000  -4.46070814      0.497037023       6.45088181E-02
       92000  -4.43567944      0.502777755       7.04124048E-02
       93000  -4.58584690      0.500740767       6.95366114E-02
       94000  -4.48573399      0.514675915       6.86717257E-02
       95000  -4.27300739      0.488981485       6.78175911E-02
       96000  -4.38561964      0.490555555       6.69740885E-02
       97000  -4.32304764      0.490833342       6.61410615E-02
       98000  -4.44816494      0.494629622       6.53184056E-02
       99000  -4.49821854      0.498333335       6.45059869E-02
      100000  -4.30428410      0.511388898       7.04093128E-02
 Configuracion CEq
      101000  -4.24796104      0.498333335       6.29113242E-02
      102000  -4.29175806      0.519166648       6.86687008E-02
      103000  -4.34805489      0.493657410       6.78145960E-02
      104000  -4.35431480      0.516712964       6.69711307E-02
      105000  -4.26046944      0.512685180       7.31000528E-02
      106000  -4.21041107      0.491990745       7.21908435E-02
      107000  -4.26670933      0.475509256       7.12929517E-02
      108000  -4.21039677      0.512407422       7.04062134E-02
      109000  -4.47942162      0.493518531       6.29085526E-02
      110000  -4.45440245      0.472962976       6.86656833E-02
      111000  -4.28548622      0.526898146       6.78116232E-02
      112000  -4.27298594      0.506898165       7.40174726E-02
      113000  -4.26672888      0.502546310       7.30968565E-02
      114000  -4.59832239      0.488703698       6.53126612E-02
      115000  -4.51699352      0.521203697       6.45003095E-02
      116000  -4.32306194      0.509120345       7.04031065E-02
      117000  -4.25424528      0.523148119       6.95274398E-02
      118000  -4.47945595      0.476805568       6.86626658E-02
      119000  -4.33556032      0.487500012       6.78086430E-02
      120000  -4.43564844      0.483009249       6.69652447E-02
      121000  -4.31677532      0.492453694       6.61323294E-02
      122000  -4.40436697      0.509351850       7.21844882E-02
      123000  -4.26047611      0.504259288       7.12866485E-02
      124000  -4.36057568      0.507731497       7.03999773E-02
      125000  -4.25422001      0.490416676       6.95243552E-02
      126000  -4.41063499      0.485416681       6.86596110E-02
      127000  -4.26673460      0.498148143       6.78056255E-02
      128000  -4.34806871      0.494351864       6.69622570E-02
      129000  -4.39185715      0.491666675       6.61293864E-02
      130000  -4.53575993      0.483055562       6.53068721E-02
      131000  -4.42314386      0.495185196       6.44945949E-02
      132000  -4.37934875      0.504259288       7.03968555E-02
      133000  -4.36057615      0.484861106       6.95212707E-02
      134000  -4.32928801      0.493750006       6.86565638E-02
      135000  -4.20416451      0.503472209       7.49397278E-02
      136000  -4.16663313      0.480046302       7.40076154E-02
      137000  -4.31053877      0.497870356       6.61264285E-02
      138000  -4.25423574      0.511157393       7.21780583E-02
      139000  -4.27924204      0.492685199       6.44917116E-02
      140000  -4.25422287      0.510925949       7.03937262E-02
      141000  -4.21667433      0.514444470       6.95181862E-02
      142000  -4.27298403      0.477222234       6.86535314E-02
      143000  -4.18538618      0.503796279       7.49364346E-02
      144000  -4.31053114      0.505555570       7.40043744E-02
      145000  -4.30428410      0.498888880       6.61235377E-02
      146000  -4.23545933      0.515601873       7.21748844E-02
      147000  -4.50449514      0.500555575       7.12771714E-02
      148000  -4.42941093      0.508611083       7.03906342E-02
      149000  -4.52950716      0.512592614       6.95151240E-02
      150000  -4.56078720      0.499490738       6.21123575E-02
      151000  -4.47945070      0.504259288       6.77966401E-02
      152000  -4.28550196      0.488425940       6.69533834E-02
      153000  -4.56702375      0.485231489       6.61206245E-02
      154000  -4.54826260      0.494629622       6.52982146E-02
      155000  -4.61082458      0.478194445       6.44860491E-02
      156000  -4.39810753      0.498703718       6.36839718E-02
      157000  -4.37935448      0.517638862       6.95120618E-02
      158000  -4.24796009      0.526342571       6.86474815E-02
      159000  -4.23543453      0.504861116       7.49298111E-02
      160000  -4.17911243      0.509537041       7.39978328E-02
      161000  -4.22290230      0.480509251       7.30774552E-02
      162000  -4.27919292      0.469722211       7.21685216E-02
      163000  -4.31672716      0.477870375       7.12708980E-02
      164000  -4.22288513      0.524861097       7.03844354E-02
      165000  -4.42309666      0.501388907       6.95090070E-02
      166000  -4.28546572      0.501018524       7.58701786E-02
      167000  -4.18536425      0.509675920       7.49265105E-02
      168000  -4.17912197      0.488796294       6.69474825E-02
      169000  -4.16659784      0.519212961       7.30742365E-02
      170000  -4.24168587      0.474999994       7.21653327E-02
      171000  -4.30427217      0.472314805       7.12677464E-02
      172000  -4.45442390      0.508148134       7.03813359E-02
      173000  -4.21042299      0.476851851       6.95059448E-02
      174000  -4.40435886      0.476805568       6.86414391E-02
      175000  -4.22293091      0.496805549       6.77876770E-02
      176000  -4.32929039      0.510648131       7.39913359E-02
      177000  -4.13534880      0.499629617       6.61118925E-02
      178000  -4.22919035      0.489259273       7.21621737E-02
      179000  -4.10407019      0.509583354       7.12646171E-02
      180000  -4.11032438      0.495740741       7.03782365E-02
      181000  -4.21042824      0.512407422       6.95028752E-02
      182000  -4.21667099      0.515972197       6.86383992E-02
      183000  -4.27297497      0.499953717       6.77846819E-02
      184000  -4.11655712      0.508564830       7.39880577E-02
      185000  -4.39807940      0.498796284       6.61089569E-02
      186000  -4.36052799      0.510925949       7.21589774E-02
      187000  -4.24791384      0.509212971       7.12614805E-02
      188000  -4.27293825      0.479398161       7.03751370E-02
      189000  -4.21037865      0.497638881       6.94998130E-02
      190000  -4.18534660      0.504814804       7.58601576E-02
      191000  -4.28544998      0.499074072       6.77817166E-02
      192000  -4.32298851      0.503379643       7.39848241E-02
      193000  -4.34802055      0.508935213       7.30646029E-02
      194000  -4.30422068      0.507870376       7.21558258E-02
      195000  -4.35427761      0.514629602       7.12583661E-02
      196000  -4.27920961      0.521018505       7.03720525E-02
      197000  -4.29172325      0.516620398       6.94967657E-02
      198000  -4.28548241      0.526111126       6.86323643E-02
      199000  -4.05398464      0.513981462       7.49133229E-02
      200000  -4.47316790      0.495694458       6.69356808E-02
      201000  -4.33554125      0.495462954       6.61031306E-02
      202000  -4.27299595      0.509722233       7.21526146E-02
      203000  -4.15412378      0.488842607       7.12551773E-02
      204000  -4.21042347      0.492731482       7.03689083E-02
      205000  -4.31678534      0.482546300       6.94936514E-02
      206000  -4.42940331      0.508009255       6.86292946E-02
      207000  -4.46067953      0.487407416       6.77756742E-02
      208000  -4.39186621      0.533055544       6.69326782E-02
      209000  -4.37933540      0.498287052       6.61001727E-02
      210000  -4.34805822      0.499212950       6.52780235E-02
      211000  -4.55452442      0.507222235       7.12520108E-02
      212000  -4.39811945      0.514120400       7.03657940E-02
      213000  -4.24171829      0.490601838       6.94905892E-02
      214000  -4.19793177      0.482685179       6.86262622E-02
      215000  -4.19793129      0.499305546       6.77726939E-02
      216000  -4.26048183      0.502314806       7.39749596E-02
      217000  -4.17289257      0.515740752       7.30548576E-02
      218000  -4.33554459      0.509351850       7.21461922E-02
      219000  -4.24169731      0.485416681       7.12488443E-02
      220000  -4.09153080      0.492824078       7.03626573E-02
      221000  -4.22289133      0.487962961       6.94874898E-02
      222000  -4.19786167      0.523425937       6.86231852E-02
      223000  -4.22916365      0.505925953       7.49033019E-02
      224000  -4.20412970      0.495416671       6.69267401E-02
      225000  -4.42935324      0.490000010       6.60943091E-02
      226000  -4.26668406      0.510740757       7.21429959E-02
      227000  -4.47941208      0.487222224       6.44603819E-02
      228000  -4.37306309      0.528425932       7.03595355E-02
      229000  -4.31050491      0.476435184       6.94844052E-02
      230000  -4.25421143      0.480370373       6.86201677E-02
      231000  -4.32302999      0.494212955       6.77666739E-02
      232000  -4.14785051      0.510509253       7.39684030E-02
      233000  -4.28547621      0.503287017       7.30483681E-02
      234000  -4.29798031      0.511805534       7.21397996E-02
      235000  -4.19787836      0.515046299       7.12425336E-02
      236000  -4.29798985      0.479259253       7.03564212E-02
      237000  -4.37933159      0.474212974       6.94813356E-02
      238000  -4.27297115      0.497361124       6.86171204E-02
      239000  -4.26672316      0.506250024       7.48966709E-02
      240000  -4.09154892      0.487916678       7.39651173E-02
      241000  -4.08529520      0.481990755       7.30451494E-02
      242000  -4.23545551      0.496620357       6.52664676E-02
      243000  -4.15412331      0.480185181       7.12393820E-02
      244000  -4.37309599      0.509027779       7.03533068E-02
      245000  -4.30427456      0.509398162       6.94782585E-02
      246000  -4.33555269      0.518981457       6.86140880E-02
      247000  -4.45441103      0.521250010       6.77606687E-02
      248000  -4.38559294      0.487037033       6.69178665E-02
      249000  -4.19790697      0.508009255       7.30419233E-02
      250000  -4.36682510      0.497592598       6.52635843E-02
      251000  -4.26046658      0.472175926       7.12362379E-02
      252000  -4.12908411      0.491111100       7.03502148E-02
      253000  -4.27922249      0.491759270       6.94752038E-02
      254000  -4.32927465      0.477685183       6.86110854E-02
      255000  -4.39809752      0.490694433       6.77576885E-02
      256000  -4.09155369      0.510416687       7.39585981E-02
      257000  -4.21667910      0.509629607       7.30386972E-02
      258000  -4.30427313      0.512222230       7.21302480E-02
      259000  -4.36058664      0.521388888       7.12330937E-02
      260000  -4.35433340      0.498981476       6.36473820E-02
      261000  -4.51699781      0.494166672       6.28557354E-02
      262000  -4.39186907      0.487777770       6.86080307E-02
      263000  -4.58581066      0.503611088       6.77546784E-02
      264000  -4.37309599      0.496203691       6.69119582E-02
      265000  -4.28551149      0.499722213       6.60796985E-02
      266000  -4.27300596      0.515648127       7.21270368E-02
      267000  -4.40438223      0.500648141       7.12299421E-02
      268000  -4.26674843      0.509398162       7.03439936E-02
      269000  -4.21669197      0.508888900       6.94690570E-02
      270000  -4.36684608      0.511990726       6.86050132E-02
      271000  -4.41064644      0.522731483       6.77517056E-02
      272000  -4.37935734      0.481759250       6.69090152E-02
      273000  -4.49823999      0.479861110       6.60768002E-02
      274000  -4.42942238      0.515138865       7.21238777E-02
      275000  -4.24174452      0.522407413       7.12268129E-02
      276000  -4.39815426      0.482361108       7.03409016E-02
      277000  -4.31682920      0.482222229       6.94660023E-02
      278000  -4.35437679      0.516851842       6.86019957E-02
      279000  -4.27930403      0.530324101       6.77487329E-02
      280000  -4.29183197      0.523981452       6.69060796E-02
      281000  -4.41696024      0.492546290       6.60739020E-02
      282000  -4.22300529      0.509398162       7.21207261E-02
      283000  -4.40443230      0.505092621       7.12236911E-02
      284000  -4.26053572      0.516666651       7.03378245E-02
      285000  -4.43570757      0.515972197       6.94629624E-02
      286000  -4.37941456      0.502546310       6.85989931E-02
      287000  -4.26678991      0.510648131       7.48769045E-02
      288000  -4.40444374      0.512546301       6.69031367E-02
      289000  -4.26679897      0.502870381       7.30258375E-02
      290000  -4.33562279      0.515370369       7.21175373E-02
      291000  -4.37941647      0.497129619       6.44376427E-02
      292000  -4.24802065      0.518750012       7.03347176E-02
      293000  -4.39191389      0.484768510       6.94599003E-02
      294000  -4.38564444      0.524351835       6.85959533E-02
      295000  -4.12289429      0.490972221       6.77427575E-02
      296000  -4.16668367      0.512916684       7.39422888E-02
      297000  -4.34810448      0.507314801       7.30225965E-02
      298000  -4.13538218      0.520370364       7.21143633E-02
      299000  -4.41691494      0.513750017       7.12174028E-02
      300000  -4.32305574      0.475555569       7.03316033E-02
 DONE ALL CONFIGURATIONS
 DONE SAVING CONFIG FINAL
 CLEAR MEMORY
  0.600000024       2.76022768    
 GDR DONE, SAVE
 GDR DONE CALC
 DONE
 ===================================================================
