   22.2515392       2.98849034    
   20.8363667       11.0876617    
  -5.93046045     -0.865944386    
  -19.0622902      -22.1211891    
  -6.83873463      -7.05507231    
  -12.6135826      -16.4055672    
   17.9120007      -5.06398010    
  -2.43810773       7.24182653    
  -21.6402950       6.74643278    
   6.54760027      -7.91625023    
   15.9070473      -4.41458416    
  -13.1089792       20.9537201    
   4.40056038       7.73593330    
  -1.92828226      -7.60195494    
  -17.8714180       11.4242182    
   4.72674465       9.79611969    
   17.7693424       7.07622099    
  -15.6204205       5.02287388    
   21.4063358       22.3223190    
  -10.8763256       2.27476764    
   7.11281967       2.41518092    
   21.3660793       17.9745560    
   7.06260490       10.2348623    
  -4.36233568       19.1688099    
  -15.7492914       7.80518532    
   12.0575171      -7.18571568    
  -17.1811047       5.11474419    
   14.3384342       19.9946785    
   10.3363867     -0.107157148    
  -5.59903812      -3.51036692    
   2.36589384       22.2676258    
   21.9311180       11.0153017    
   20.2927208      -18.1893101    
   10.4658546       11.2591219    
   19.9836693       9.22048664    
   14.0339937       2.62042403    
  -19.6011238     -0.877398491    
   4.36881828      -16.2100677    
   3.90843177      0.893005550    
   17.2570038      -8.77387810    
   7.58730459       7.37634373    
  0.164435580      -10.6626854    
  -18.9368362      -17.8326588    
   2.20322824      -5.56401253    
  -21.6831741       13.0995750    
   5.40580606       12.2359228    
  -8.11859894       4.32991409    
  -20.2072182      -17.2532425    
  -12.7024355      -17.8629017    
  -19.0807362      -11.3206892    
  -2.53193426      -13.0422010    
   2.99625516      -21.2733974    
  -3.56471586      -4.56815195    
   21.3135471       8.61355782    
  -22.1396084      -16.5504341    
  -20.2687378       15.1953211    
   7.98226118       3.66495037    
   10.4435940      -17.1710911    
   15.2186613       14.9814730    
   11.0254421       15.3484087    
   1.28971899       7.40069675    
   10.3188524      -3.99790001    
  -6.45232630       10.5263796    
  -1.28271377      -1.67144358    
   11.6137638       9.05425930    
  -10.8240986       19.5747623    
  -1.96310830       13.7960596    
   18.2842407       8.71514702    
  -12.5448551       15.8740492    
   10.9297523      -8.89449692    
   7.69066572       5.30905294    
  -7.24456978       18.8172798    
   2.08081865      -1.54232454    
  -14.4488430      -5.45627165    
  -10.3360052      -13.4199324    
  -3.78217816       21.4350758    
   1.93248057      -16.5684471    
   13.6284599       15.4655867    
   9.34823227       1.29572189    
   7.32718468       17.9216042    
   19.7294655      -17.2436504    
   16.3978729       5.91967821    
  -11.5028830      -15.1875639    
  -21.4109936      -13.8522635    
  -8.39240646       13.8478594    
   3.29679108       14.5908184    
  -9.55002880      -15.1822405    
  -7.56130457      -10.4713564    
   2.00267124       2.39349890    
  -21.3940372      -15.7084646    
  -4.19079638       17.9568882    
   19.8043213      -15.3564272    
  -5.75643682      -7.98226118    
   9.61349201       10.2728415    
  -5.42949820       14.7103920    
   20.2884865      -8.56775284    
   3.56610727      -11.9205294    
   15.4021902      -10.8166456    
   15.1937962       1.68403852    
   5.43679142     -0.410331905    
  -9.62214184      -11.8261538    
   6.76991415       4.79280090    
  -4.55505848       15.5985708    
   6.15441608      -10.7857485    
  -6.31327009       2.76512623    
  -16.9284439       21.3978004    
  -5.22317266       9.86994648    
  -6.33862782       18.3304596    
   1.95375204       20.5573082    
   19.2066097       5.96228790    
   15.3205805       5.30348969    
   9.20780849      -11.5184364    
   13.3252211      -4.87400293    
  -21.0281105       8.97382259    
   1.12712789       11.2948170    
   6.60435390       16.5954151    
  -12.4205799       3.55502367    
   21.9474773       15.2038002    
  -14.5431414       9.37099171    
  -8.87492275      -21.2407894    
   11.4825573       19.3521843    
  -19.6998043      -14.6745958    
   8.42380524      -8.64819241    
  -4.66349792      -18.4348145    
  -20.1709900       12.4934416    
   1.01806486      0.259224325    
  -2.74919939       3.91934729    
  -9.06389236      -9.17237186    
  -19.0609398       21.2402191    
  -8.53389931      -11.3369408    
  -10.8723326       5.27992582    
   19.5784836       22.0110645    
  -12.3064604       20.0031471    
   15.5534334       8.94991970    
   2.43480778      -2.61244869    
  -11.2169304       17.7840157    
  -15.8434458      -2.92506242    
 -0.853077531       8.48554802    
  -9.25067139       3.39784122    
   10.0775919      -15.9756622    
  -7.44362593      -15.1878309    
   1.54710400       9.98740864    
  -12.1561470      -13.4608412    
   15.6643333      -20.3624249    
   16.2750473      -19.3583679    
  -3.25046825      -16.2195969    
  -17.0349274      -8.67820168    
   17.7056313       11.3448849    
   5.80798435      -12.4777966    
 -0.722817600       5.14386559    
   10.9757414       3.11863828    
   8.21066570      -14.7405853    
  -10.1487923      -2.64918327    
  -1.89072931      -4.68426561    
  -13.1826324      -13.7614679    
  -3.62243414       8.52591324    
  -16.0748501      -15.9323759    
   12.2961607       12.3116369    
   11.8669958       16.8380699    
  -17.9237041      -7.40068579    
   6.48878384      -16.4745369    
   20.6511555       2.24658418    
  -11.2367973       21.0231266    
   12.3606281      -10.1651459    
 -0.136369467      -4.52796793    
   5.06676579      -18.5473518    
  -7.10912800       8.69565582    
   6.34520912      -18.5372009    
   9.30133629       4.13491964    
  -11.9501495      -18.9977303    
  -13.2247066      -2.11229396    
   10.1595001      -21.0924740    
   17.6365204       19.8781967    
  -9.40015602       1.40719199    
  -11.9484034      -8.37288666    
  -16.0316563      -7.03999805    
  -15.4946976       15.6174326    
   21.1107521      -2.64195943    
   12.2733879      -1.95815563    
   16.3009567       10.1953554    
   4.66052055      -21.1847687    
  -9.26779270      -13.5420008    
   20.0647755       1.42420387    
  -21.8974037      -2.14056277    
  -7.11457920       20.5401325    
   12.9892139       9.99806881    
   10.2392092      -2.44259667    
   11.1098270      -3.27673244    
  -12.6370401       10.2596836    
  -3.00059485      -20.2148342    
  -3.39525819       10.6135902    
   15.7531195      0.540325284    
   12.3616142     -0.319309652    
   8.96645737       18.7488575    
  -4.96347380      -11.2305059    
  -5.97714329       22.3009167    
   7.24840021      -14.3227100    
   16.6531639      -11.4505682    
  -17.1554756       14.2312078    
  -3.74292469       13.7830324    
  -5.53121996       5.96584892    
  -16.2383442       12.0064526    
  -17.8349266       2.32310295    
   14.8319120      -5.48915958    
   2.33953643      -12.8971786    
   8.05398750      -3.17320299    
  -2.13299227       19.1232300    
  -13.5174694      -10.8950462    
  -5.58954334      -21.4646168    
   21.2314434       21.0314674    
   20.9670334      -5.60238123    
   14.5125275       10.0374794    
   7.88804579       14.7609110    
  -7.70084572       10.3174019    
  -15.2833920       1.47022271    
   12.7095575      -12.7106237    
  -7.81222248       6.48567304E-02
  -12.3914900      -1.49823022    
  -13.1070042       18.1481876    
   21.8407536     -0.397115856    
  -12.5525427       11.7117195    
   18.2153988       4.00874901    
   19.5894604      -20.2631245    
   17.7580490      -21.4776230    
   22.3268795       21.4750519    
   4.99366426       3.91614056    
  -13.3172054      -21.7912350    
  0.856140316      -5.93872118    
   21.6372738       16.8577785    
   8.11454487      -6.15089226    
   21.8086128      -14.1919518    
  -21.8315067       19.8436489    
 -0.360810369       21.4899158    
   5.06622219      -6.14082193    
  -16.4203396      -5.31363535    
   8.95953751       2.22402787    
   7.25973940      -19.9828835    
   11.5708771       18.3383789    
  -6.40846157       14.3940706    
   2.32799697       6.74410057    
  -13.9724550       14.2352200    
  -9.78140354       21.3960381    
   20.2529163      -11.4885607    
  -13.6273537       6.23150826    
   9.15912628      -6.01950216    
  -13.3995695      -4.04320431    
  -11.6622887       9.16807747    
  -18.8240776      -13.2456741    
  -21.5846920      -7.40988207    
  -9.62147522       15.4473753    
 -0.248919129       9.39633083    
  -10.9724894       14.4326344    
  -9.76648903       5.58120537    
  -16.6410999      -9.87522125    
   11.8209610      -13.7253675    
  -19.4801254      -20.3383522    
  -15.8081856       13.7251358    
   6.97737265      -11.4184875    
  -7.85464048       21.6305294    
   5.08717632      -9.27867317    
 -0.198475301       10.5600042    
  -20.5927277      -21.6604099    
 -0.960453272       12.3706665    
   18.1982803       18.5680237    
  -7.43138027      -8.97497368    
   14.7000093      -1.81735063    
   6.78561974      -4.68739748    
   5.36343145       14.5442772    
   9.64541531       15.9566622    
  -15.0290251       10.3442316    
   7.69595432      -18.3338757    
  -1.73555660      -10.5614672    
  -21.1401138       3.79414940    
   8.68690205      -17.4103508    
   1.17425847       22.0778999    
  -13.7520103      -18.4180584    
   14.7517328      -18.8927307    
   16.6129303       2.55761981    
  -4.59793758       22.3298092    
   8.69488049       16.7977467    
  -21.7195091      -9.58194160    
   1.64301503      -20.3328819    
   12.1026907      -15.2263403    
  -1.38816226      -15.0703793    
   2.18475294      -8.71896935    
  -15.4549847       3.35503960    
  -15.9168835      -13.7161760    
   8.54534054       20.1330299    
  -16.4838028       9.39122295    
  -5.37857723      -4.56243420    
  -22.3156891      -3.88227963    
   13.5869427       16.8986073    
  -16.0644054      -20.4353676    
   2.93594074      -19.7578144    
   16.6074448      -6.96238899    
 -0.454658180      -9.73957157    
   11.5101519       1.75423717    
   6.52579832       12.3855677    
   16.9500828       4.59462118    
  -19.6095581      -2.72259927    
  -12.8221712       7.78003311    
  -22.2992783       15.6272678    
  -21.8399334       5.11470652    
  -14.5813828      -15.7629442    
   13.8640614      -11.1139259    
  -4.02232742       20.4196205    
   4.97698021       8.68144035    
   6.77514124       20.7097111    
   4.91737223      -4.29856110    
  -12.7400017       1.02902317    
  -14.1115675       16.2378197    
  -8.30467415      -22.2236233    
  -14.9210758       21.2235165    
  -18.4738770      -15.6027336    
   18.3313408      -13.1691875    
   8.83007145       21.3347034    
  -22.2338295     -0.258464634    
   20.9353085      -9.95324898    
  -5.99035406      -15.4635601    
   21.5067940       19.3083057    
 -0.893925190       20.6359463    
   6.51140165       7.37383795    
  -22.1760330      -12.3037682    
  -3.84100795       5.75381660    
  -20.1803169       7.29852152    
  -14.4077530       3.67161179    
  -9.83685017       16.9180450    
   7.91500282      -11.7975807    
  -14.0240402      -19.5844669    
  -14.8974371      -12.8057966    
  -3.27942729      -18.0350819    
   19.8068314      -7.35475779    
  -16.9203529       1.85493028    
  -2.20364141       8.28061104    
   11.9174347       4.18348169    
  -15.3877478      -4.28496361    
  -14.0685902       8.28648090    
   5.03603697      -11.4284725    
   14.3048048      -17.0522690    
   21.7682953      -11.3827200    
 -0.486040294      -21.0327015    
  -9.46393013       9.61806011    
  -2.86641383       4.99126816    
   2.77200890      -7.01353407    
  -14.2451811      -2.62110376    
   18.2307072      0.882772326    
  -18.5770035      -4.65336037    
  -17.8220711      -20.2188740    
  -11.6444235       6.41573048    
   2.18538737      -14.1162777    
  -2.42886066      -14.6649113    
   11.0384016      -10.2183647    
  -22.0098305       14.3901577    
   19.8763981      -1.43127298    
  -17.2807007      -15.1831341    
  -1.16408920       16.5421963    
   20.4581738       6.57168674    
  -10.0098801       13.4366913    
  -14.2460232      -9.54271221    
  -19.5120354      -16.4208202    
  -20.9546070       21.9465275    
  -22.2075672       8.91261768    
  -7.53708458       3.25866485    
   2.73412800       4.75898743    
   10.0453510       22.0489769    
  -19.4245968      -19.0153008    
   14.8114586      -3.90199423    
   8.18428993      -4.44307947    
   9.78935432      -9.50093937    
  -19.5875168      -5.52225590    
  -3.48004580      -3.42962313    
   6.64585447      -15.2498379    
  -5.02170134       4.64587545    
  -17.1133213       15.8685322    
   11.9343157       14.2423315    
  -19.8414097      -12.8476601    
  -12.8671856      -6.30814409    
  -18.1403141       6.79261446    
   17.5509930       14.9955769    
  0.184017077       12.0126657    
   14.8145294       13.4650717    
   9.87780476       5.96730709    
  -1.61738253      -2.72438788    
   13.5999479      -3.18089342    
 -0.910281301      -13.4374132    
  -6.51940346      -3.07201958    
   10.9766693       20.9207783    
   13.1365976      -18.8221455    
  -5.32721376       17.5864449    
  -10.6773624     -0.250838369    
   10.7171917       5.27831602    
   16.3601131       7.11466980    
   17.9807987      -10.1985912    
  -7.31917191      -1.15509808    
   20.5002079       17.2519684    
  -14.8548174      -16.7845249    
  0.375476509      -1.14717329    
  -15.3790445     -0.591981947    
   13.7245789       21.8177509    
   9.01211929     -0.856356204    
  -2.58547282      -21.2529678    
  -11.5512342      -17.1101971    
  -22.1701851      -10.6668091    
  -18.5815697       3.07794785    
   5.37661266       10.6799049    
   21.8702126      -9.07995796    
  -19.9267712       20.4045773    
  -1.52119172      -18.9405670    
   12.8474016      -7.88424730    
  0.820319951      -8.29273415    
   18.3201694       12.5946674    
  -15.7331381       16.7363338    
   6.82811737       13.5602064    
  -11.8238420     -0.637656987    
   17.4899712      -15.3852320    
   4.63290215       19.1699791    
   20.9130402      -16.9510517    
   7.56696892       19.0440025    
   7.72686481     -0.278155446    
  -17.0933895      -21.0353851    
  -11.2718077      -10.3127317    
   14.2486305      -21.0700035    
  -14.5752678       13.1749420    
   2.86590457     -0.217584997    
   20.9021969      -12.4875984    
  -11.2093792       12.5650826    
   14.7455063      -15.1265001    
   17.1816444       8.85277462    
   13.6393862       13.9419022    
  -11.7638187       13.4411535    
   9.41452885      -22.1211357    
  -17.8753777      -17.6540661    
  -1.33160615       3.39858770    
  -15.4753685      -1.85955238    
   6.20119762       18.5674267    
  -21.0004349     -0.658925831    
   9.10454369       7.77540541    
  -3.69055629      -7.44096041    
   1.58998024       19.1143837    
   8.56221581       6.00804567    
   10.4958725       19.0587177    
  -10.8683414       8.37566090    
  -8.24484921       7.90722752    
  0.161167547      -12.9831228    
  -11.3097811      -2.59293914    
   20.7816391      -13.5225124    
  -21.2846031       18.0370941    
   6.33946753       5.75978756    
  -14.3152037       5.21683645    
  -18.7440548       7.98073673    
   7.06117647E-03   18.0878372    
  -19.5663376       9.97830296    
   3.65607667      -3.02341771    
  -17.9460049       20.4713383    
  -7.89071655      -19.6841278    
   14.8476868       11.3664865    
  -18.4064121      -2.56345749    
   19.2073212      0.589905441    
   11.6468277      -18.1024895    
   3.77386427      -14.0916367    
   21.2755623      -1.35064662    
 -0.370814383       7.10162401    
  -9.70433044      -18.3771572    
  -20.8466473      -5.32985258    
  -12.4260120      -5.33412552    
  0.445789725       17.0655861    
  -22.2412453      -8.66959953    
   18.2849274      -8.32962608    
  -10.0037251      -19.8459740    
  -4.80688858      -16.9673271    
   5.40310049      -3.09167314    
   15.3526716       3.22009635    
  -17.6650143      -13.9995861    
  -13.1934843       19.4712410    
   12.1266279       7.50393772    
   3.17530346       11.4457693    
   9.94254971      -18.2588177    
  -8.16433525      -5.74077892    
  -13.5468788       11.2466202    
  -1.03320551      -16.0334740    
  0.565587163      -21.1896095    
  -7.09076977       12.7265186    
  -8.07668781       1.09212589    
   17.6249924       22.3334827    
  -20.0126476      -8.88927460    
  -10.4497309       22.3262100    
  -1.14617896      -5.43457890    
   20.7570972      -20.3361530    
  -6.27254486       11.6649809    
  -10.1759977       11.1184788    
  -3.15562606       12.1739769    
   13.3995962       18.1848640    
   11.1939287      -12.0405216    
   3.56152773      -1.94723201    
  -22.3557663       1.20815682    
   9.12300205      -15.4801989    
  -1.94314301     -0.490566492    
  -8.89527225      -1.31089449    
   18.9860554      -22.3058758    
  -4.20001650       12.4220781    
  -19.4765587      -7.21400833    
  -18.9782047       4.68551302    
   21.4863262       3.93695092    
   18.6765270      -18.2134342    
   10.5385942      -6.63449383    
   2.74280453       13.7030058    
   13.7610283      0.166584060    
   14.5234509       18.4441414    
   2.40994287       18.2482967    
   19.4667454       6.92821074    
   21.8946552      -10.3118391    
   12.0254765      -19.3222885    
   22.0775738       5.39498377    
  -12.7200012       14.3658237    
   8.26857376      -19.8920326    
 -0.300119996      -17.4448586    
   3.41997099      -16.6070995    
   4.01158524      -5.47988844    
   12.5677500       22.0662079    
  0.519680202       13.1858816    
   4.46680307      -20.1833363    
   12.9154482       5.44903421    
  -21.5522213       10.4724331    
  -1.59646821      -11.6190338    
   4.79751348       5.62167978    
  -14.1838055       17.5457726    
   5.41787100      -7.98169088    
  -4.61925936      -2.78836775    
   13.7283049       1.35474896    
   15.8554840      -14.0602818    
   20.3967686       3.96170115    
   6.61978769       15.3753853    
  -5.90674210       1.36719465    
   3.54291916      -8.80325031    
   3.31911016       9.91329479    
   8.73038101       13.7425575    
  -18.4356327       19.5153847    
   2.28919649       3.69683099    
  -9.26989841     -0.284195691    
  -15.4613400       19.7627106    
   19.0372238       15.1125326    
   4.50053883       15.5144920    
   16.9554176       17.9565430    
  -10.9210272       10.2645378    
  -7.10308743       4.59219551    
  -5.37202263       7.86014223    
   9.59755135       12.8632984    
  -6.15384579      -16.4730930    
   5.14661932       22.1299019    
   6.24173355      -19.5727539    
  -8.22264004       19.1762066    
  -9.53152180       12.2298374    
  -14.8125114       7.38341284    
  -12.4919567      -2.81869411    
   19.2360592       3.23096657    
  -17.2844048       3.78373218    
   21.7276554       6.99015427    
   10.6697121       4.19364834    
   21.2981091      -6.93046045    
  -4.53214788      -10.3210649    
  -18.1146317      -9.94779491    
   4.85154009      -1.22799957    
   19.9574642       8.02769947    
   7.17020750      0.963702619    
   19.1387730      -5.04639816    
  -19.6711426       8.84367466    
   20.2973843      -4.23760939    
   22.2273808      -15.4267216    
   5.48588085       16.3375568    
   15.5585861      -1.01839006    
  -5.97126293       19.2801056    
  -13.1859407       2.63377619    
  -13.9490671       1.65032935    
   15.4070873       17.9220333    
  -3.73726559       3.35571933    
  -6.65290737      -21.9193687    
 -0.600730419      -3.05092120    
   9.75159073      -13.7447519    
   16.3065453      -2.68738675    
   11.8833923       6.45285702    
  -8.95398235      -7.55006599    
   3.40674424       19.9925766    
   11.2743845      -20.8183346    
   14.5808601      -7.23909187    
  -1.43916845       14.8352032    
   4.53347254       16.7364464    
   7.31997395      -9.97598648    
   6.83782291      -12.6301384    
  0.962575078       8.38115788    
  -8.14386845       9.22057724    
   8.10759258       12.2035971    
  -11.4309540       1.37155819    
  -17.0863991       7.99274492    
   1.31709731      -7.41792965    
   16.7227020      -21.6256771    
   5.90134430       8.19080162    
  -14.9325542      -11.5259027    
  -2.48367620      -8.82451630    
  -6.88229847       6.60280752    
   18.4616737     -0.643630624    
   9.49204445      -7.99926233    
 -0.896145642      -22.2074394    
   20.9895248       10.0709057    
  -9.54228592      -22.3286037    
  -11.5743427      -22.1131763    
   8.27690315      -1.77100646    
   21.1805000      -15.1463728    
  -7.13211870       2.05636168    
  -21.2094250       16.5073452    
   18.7218761       20.0847702    
   18.6496964      -15.5885773    
  -11.7063856      -3.66511846    
   18.7192936       13.5524149    
 -0.940885067      0.174335614    
   22.1810284      -20.9800797    
   7.22595596      -2.40923119    
   13.1762962       7.82273054    
  -14.1731215     -0.199693486    
   16.7549381      0.572256505    
  -10.2187004      -8.35849476    
  -16.8482208      -4.22837305    
  -7.82248259      -7.42585707    
  -7.26005125       16.7922764    
   2.18488359       16.6520844    
  -20.3125057       17.0172024    
  0.621074319      -15.6424704    
   11.1196499      -1.77459967    
  -3.09672689      -6.34652898E-02
   14.5936308       8.47055149    
   3.25263524      -4.78174639    
  -2.69047618       15.2341347    
  -1.83538878       11.1125135    
   14.1301947      -19.7982941    
   19.1014977       17.5842457    
  -16.4163704       6.91171598    
  -22.0244255       21.1112328    
   9.73944378       20.6569843    
  -17.8481007       9.68169403    
  -15.5237226      -9.19145489    
   2.68426538       8.43355560    
  -15.9146519      -11.3204145    
   22.0045872      -12.3805981    
   2.18970037      -15.5052052    
  -5.14630747       12.9225636    
   17.6570663      -6.73490667    
  -6.03719091      -11.6110687    
  -18.9307365      -9.12709141    
   16.1760521      -5.48072815    
  -1.74344945      -17.6668148    
   21.9899635      -5.82235193    
  -8.30677414      -3.70990849    
   17.1184368      -3.60950327    
  -17.0859203       18.4484653    
   16.9334774      -1.63353348    
   17.4702091       13.4624224    
  -7.64450026      -13.5429707    
  -14.8037310      -14.6637573    
  -4.77804947       1.80381465    
   6.20533466      -14.2894135    
  -16.1406898       20.5810204    
   2.79727077       1.05797958    
   21.7078533       13.8125515    
  -8.91923046      -17.0034218    
  -19.5160866       14.4987831    
   20.4011860       18.4532509    
  -12.8390923       5.25384855    
  -20.0488567       5.86772299    
  -5.45650864      -2.00724792    
   17.0259972      -16.3965721    
  -7.09102583      -12.4711599    
  -7.80564117      -17.2434959    
  -2.24744272       17.0098171    
  -17.5404453      -1.07208061    
   2.30804229       15.4265060    
   20.7960072      -21.7425346    
   15.4954596      -9.54247189    
  -20.3545971       1.72045338    
   22.1924114      -18.7727947    
   1.45779836       13.7535353    
  -13.1305466     -0.469348311    
   22.1676445      -4.56837606    
   6.24232769      0.202601656    
   16.0560246       16.2997627    
  -17.0071239      -10.8103628    
   15.9396954      -17.8739834    
   12.7533112       19.9075775    
   15.9919119       13.9320316    
   5.52025938       2.80881548    
  -14.1228724       20.1461411    
  -10.0686808       18.5746346    
   2.79651093      -10.4341421    
  -15.1185093      -21.0929680    
   11.7999935      -4.62801075    
   9.53090858      -12.6704750    
  -5.18885851     -0.123974428    
   13.0971622      -14.8659620    
  -6.84769917      -4.46181297    
   17.5653896       1.70034933    
  -8.65455818       5.21366978    
  -2.87419724       6.11134815    
   10.6265612       9.83386230    
  -5.54797602      -12.8282595    
  -16.1681824       17.7090836    
  -8.70499325      -12.3677607    
  -20.1587276       19.0875034    
   18.9984837       1.76778114    
   17.8285904      -19.9361858    
  -5.83540773      -19.6597977    
   11.3871527       10.7237759    
   13.4035683       11.1964769    
  -20.6867428      -20.3410358    
  -6.39798832      0.364638180    
   5.34312487       20.9016171    
  -10.2208624      -20.8930283    
  -17.0653152       10.4431334    
   4.80409479      -14.1567278    
  -1.61935240E-02   3.40829301    
  -3.07100654      -11.8194494    
  -7.33984375       5.66809893    
   16.6097813       15.3632565    
   3.90624857      -7.19353390    
  -1.30886066       17.7337990    
   4.84038448       6.74936485    
   3.29517555       2.12077332    
  -17.4332237      -12.6574402    
   3.78618455       21.3984718    
   1.45295763       15.9582024    
   2.55364823      -18.2015076    
   12.4648714       2.47115326    
  -4.72371387      -22.2527180    
  0.452896237       19.8949757    
   15.1193485       7.25130558    
  -16.4024467     -0.158128768    
   17.6890068      -18.3745670    
  -15.0579786       11.9478893    
  -20.5720215      -3.28636312    
  -14.5710936      -6.59801245    
  -19.8718224       11.1570101    
   6.97128153      -6.68507862    
   8.45475483       10.4109859    
  -16.0229225      -17.3155880    
  -2.70837831      -2.25250459    
   4.33101988      -22.3511848    
   20.0486279       13.7157450    
   20.5117359      0.322391093    
  -5.29788685       20.7671032    
   13.7528763       9.20783806    
   2.07235265      -11.8981409    
  -11.0390253       16.5197697    
   15.5409698       12.2855854    
   4.49244070       12.8125458    
  -4.44859982      -13.3579731    
  -22.0583420      -19.9050636    
  -9.30266666      -10.5420160    
  -12.2247543      -7.10425758    
  -21.1544533       2.51293921    
  -2.28649902       10.1221895    
   15.2182322      -16.3517761    
  -6.25983000      -9.76424503    
   12.5187407       16.0065041    
   3.49923277       5.90202141    
  -5.85777235      -13.8256178    
   13.8373842     -0.852221847    
   9.05036736      0.187357083    
  -18.9563084       17.4000587    
  -8.87823391      -19.1312618    
   11.7149954      0.689769506    
  -19.0963612       12.3969364    
  -7.70663309       15.5700321    
   8.78282928       9.05003738    
  -1.87605774       21.9174061    
   19.6139908       20.9159756    
   11.3793478      -22.0440273    
   14.6564083      -8.39527225    
  -2.17213416       20.2141228    
  -21.8975258      -5.50636339    
  -13.3873987       13.3969145    
  -11.0317888      -11.5987911    
  -10.6576796      -5.55384827    
  -12.6685019      -11.5977058    
  -13.1551266      -9.49226570    
   12.2588263      -11.5278063    
 -0.434138387      -6.70053673    
  -11.3130627       3.53138781    
  -15.9816198      -21.7781868    
   22.0787277       9.43549919    
  0.740538538      -3.44060016    
   15.5730791      -6.98465204    
  -21.6240406      -18.3384075    
  -4.41565037       14.5921698    
   9.64392185      -20.1133499    
 -0.542025924       2.54163432    
   19.1780910       10.8181782    
  -16.6816063       13.0242825    
  -9.25042343       7.39888668    
   18.3589096       21.0837479    
   18.2791042       16.0384445    
   1.29449570       4.91359758    
   8.15240669      -13.5049305    
   3.35342979       16.7947350    
   21.5244484       1.20892990    
  0.953770578      -11.5582447    
  -12.1486616       2.15265918    
   19.5919704      -3.40612054    
  -18.2931843      0.920885086    
   12.8680439      -21.3576221    
   5.53740692      -20.5465355    
  -17.2279091      0.567314446    
  -17.8507652       13.4093685    
   19.2463703      -6.22648335    
  0.945493937      -17.6822872    
  -4.36446285      0.748418033    
   17.6712265      -12.1549263    
   1.66343880      -10.0285368    
  -3.45396805       17.2741165    
   1.67051601      -18.7078571    
   19.0473557      -11.5749531    
  -21.5979214      -22.1059780    
  -1.81704676       9.20384979    
  -13.0839014       9.01888943    
  -8.65361977      -4.77461863    
   15.2720051       20.8246174    
   6.63849735       11.3783331    
   10.5260544       1.55276310    
  -13.0630646      -8.25207901    
  -2.98398805      -9.73503208    
   8.99960899      -20.9182758    
   5.72354317      -21.6568546    
  -5.49866772      -6.15864134    
  -10.1287127      -4.29593277    
   4.56827211      -2.21248865    
   7.92138147       21.9759769    
  -9.62882137      -6.09170246    
   13.8953609      -22.0796432    
  -20.5039616      -11.9694185    
  -7.60608387      -2.91028953    
   12.7575254      -20.3564472    
  -15.1518049      -19.4865055    
   10.7668171       8.14661407    
  -9.06466007      -2.66963649    
   16.1570091      -15.1957579    
   17.2517262       3.57148385    
   16.8405571      -12.9350033    
   4.91347265      -10.3406010    
  -18.8720436       22.2905369    
  -4.41597033      -19.7811584    
  -9.04303169       19.9675121    
   14.7607403       4.07640457    
  -16.2280922      -18.5883579    
  -4.30604076      -15.2750034    
   6.98700619      -21.2061634    
   2.82152772       12.6128683    
  -6.74503613      -18.0547981    
   20.6348915       16.1319542    
  -14.0531425       18.6251678    
  -3.99328041      -9.41006374    
   18.6105251      -2.87860346    
   16.9489555      -4.62919664    
  -3.35062289      -21.9056091    
   11.5925293      -16.8303051    
   5.34150648      -15.8607025    
  -1.55762243      -9.23317146    
  0.405824393       5.50705910    
   16.9986134      -14.3833389    
   9.69409180       14.8851299    
  -20.9632206      -6.44768572    
 -0.445181966       14.0362911    
  -1.55997086      -21.1387959    
  -4.38717651       9.28333855    
  -2.58914065      -6.83280373    
   19.4792233      -9.67575741    
 -0.192914858       15.0375872    
   14.5013905      -13.9176741    
   1.92122102      -3.87060165    
  -2.44818377      -5.75824928    
   12.2430906      -6.13295555    
   1.16858602      -12.9880705    
   20.0285130       19.6710320    
   4.52901840      -17.3036613    
   21.9920139      -3.49016690    
   9.65455246      -4.99440813    
   15.1796179      -21.7173080    
   18.0392532      -16.5691681    
   4.19562101       13.8291149    
   21.7984905      -8.00214100    
  -7.79629326       11.3183355    
  -12.4380131      -19.8759060    
  -9.37608528       17.8086758    
  -14.7374744      -8.02323151    
  -19.8368320       21.8913879    
   22.3493900       8.10716629    
  -13.6643171      -12.6028776    
   1.28802621       12.4508343    
   16.1538258       22.1989517    
   13.0521727       21.0173130    
  -11.1937876      -7.00989819    
  -7.80438042      -21.1046696    
  -8.92694187       16.2655067    
  -16.1558323       18.9173603    
  -1.52037871       1.84857011    
   5.77013540       19.7947063    
  -16.0878792       2.43763328    
  -6.85144711      -19.5079346    
  -16.9038944      -6.31951284    
  -12.0923834       22.0596218    
  -1.77132106      -20.0627270    
   16.6310062       19.4911385    
  -17.8605480       17.4114056    
  -11.0087767      -18.5312214    
  -18.3966618       14.6670313    
  -8.81955624       10.8600864    
  -21.3158760       1.32461166    
  -15.5694036       8.94508743    
   9.65372658       17.5642109    
  -15.9484730      -14.8143024    
  -6.78402042      -5.95424843    
   18.6248741      -4.17815304    
  -8.34981346       17.2935295    
   10.7709970       12.8224936    
  -4.48950338      -4.09288597    
  -10.3859425      -15.7936096    
   5.61462688       4.88898611    
  -12.2269907      -20.9269276    
  -16.4777832      -12.3129988    
  -20.1708832      0.396329522    
  -2.70198345       17.9904461    
  -8.23966503       12.3161945    
  -20.3351002       3.10178900    
  -5.17405081      -9.08445835    
  0.767319798       1.68221533    
   19.1080036       19.1253757    
   20.1665306       5.57798004    
  -3.34869289       19.5816021    
   21.4072533       12.4389830    
  -10.8203716       7.09600258    
  -22.0048428       17.2293243    
 -0.642017961      -12.0047359    
  -19.9302883      -4.38548613    
  0.512197852      -9.46984768    
   14.0028963      -15.8962250    
  -1.46688807       6.24788809    
   6.14811468      -9.00243187    
   8.64441490       15.5417719    
  -18.5717678      -6.08670473    
  -12.6954250       6.78710747    
   3.82384968      -10.7643995    
 -0.419099063      -14.5463381    
   2.71639633      -22.3427887    
  -16.8963470      -2.30349231    
   1.65574861      -21.3619785    
   6.96096325      -3.65884876    
  -1.15629232      -8.23987579    
  -4.21852922       7.37106848    
  -18.3874607       16.4840012    
   5.74827719       1.32042396    
   15.0454025       16.8147793    
   4.72517967      -13.1266098    
   7.73461914       16.1577950    
   6.83916664      -5.69166517    
  -3.44921803      -13.6943827    
   22.0070820       20.2199860    
  -21.3767204      -11.3026114    
   13.2178268      -16.7148075    
   13.9892139       5.92989254    
   10.3711538       7.09097528    
  -18.6017475      -16.8439522    
  -4.54126930      -1.45316553    
  -17.8845177      -3.72658706    
   12.9840879      -17.7590904    
  -7.69452304E-02  -16.4611130    
  -6.16417503       16.0553379    
 -0.357491702       19.0247574    
   19.4626408       12.1226940    
  -22.2554684       2.81576991    
  -3.26067209      -1.13354135    
   19.7516155      -13.9685717    
   7.71138811       11.1557608    
  -21.6087589      -3.10929537    
   11.9291840      -8.67344666    
   4.40292740       1.84866607    
   3.90854096       3.61042833    
   7.74013662       8.62024593    
   10.9299068       17.4888573    
   19.3605175       16.1232243    
  -10.4141979      -16.8490276    
  -12.0146217       4.51548767    
  -6.56631041      -14.5589066    
  -4.77023935       3.60149050    
   4.94231987       17.7454052    
  -20.6034908      -1.68609905    
  -2.60187697       1.75799036    
   10.6280909       14.4205456    
  -13.3966885      -15.7826357    
   10.8529930      -14.4035015    
   8.67250252      -7.20536947    
  -20.4924793      -19.1751137    
  -11.4019976      -14.1567631    
   6.79542398       21.7575397    
  -13.7416887      -17.3563232    
   19.5172405       4.66874647    
