   18.4442101       2.47714734    
   17.2711792       9.19051743    
  -4.91573429     -0.717777729    
  -15.8006535      -18.3361626    
  -5.66859913      -5.84792042    
  -10.4553471      -13.5985079    
   14.8471832      -4.19751263    
  -2.02093744       6.00272036    
  -17.9375515       5.59209061    
   5.42727900      -6.56174755    
   13.1852856      -3.65923047    
  -10.8659792       17.3684521    
   3.64760637       6.41228342    
  -1.59834528      -6.30122900    
  -14.8135462       9.46948814    
   3.91797924       8.11996365    
   14.7289352       5.86545038    
  -12.9477024       4.16343975    
   17.7436237       18.5028782    
  -9.01534176       1.88554561    
   5.89578724       2.00193357    
   17.7102566       14.8990355    
   5.85416460       8.48363495    
  -3.61592197       15.8889475    
  -13.0545235       6.46968603    
   9.99442673      -5.95621061    
  -14.2413483       4.23959017    
   11.8850689       16.5735073    
   8.56778812      -8.88221189E-02
  -4.64101982      -2.90972877    
   1.96107972       18.4575443    
   16.8205528      -15.0770445    
   8.67510414       9.33263969    
   16.5643826       7.64282322    
   11.6327190       2.17205882    
  -16.2472916     -0.727271974    
   3.62129545      -13.4364586    
   3.23968315      0.740208626    
   14.3042593      -7.27263165    
   6.28908587       6.11422110    
  0.136299983      -8.83825588    
  -15.6966648      -14.7814169    
   1.82624686      -4.61198711    
  -17.9730949       10.8581839    
   4.48085070       10.1423063    
  -6.72947311       3.58904791    
  -16.7496796      -14.3011417    
  -10.5289965      -14.8064861    
  -15.8159428      -9.38367271    
  -2.09870982      -10.8106270    
   2.48358369      -17.6334324    
  -2.95477843      -3.78652239    
   17.6667118       7.13974285    
  -18.3514309      -13.7185879    
  -16.8006725       12.5953388    
   6.61646366       3.03786230    
   8.65665245      -14.2330465    
   12.6146860       12.4180813    
   9.13894367       12.7222338    
   1.06904268       6.13440704    
   8.55325413      -3.31384277    
  -5.34830713       8.72527313    
  -1.06323612      -1.38545275    
   9.62660122       7.50503826    
  -8.97205067       16.2254391    
  -1.62721241       11.4354973    
   15.1557322       7.22394943    
  -10.3983793       13.1579342    
   9.05962658      -7.37261152    
   6.37476158       4.40065241    
  -6.00499392       15.5975666    
   1.72478199      -1.27842653    
  -11.9765873      -4.52268124    
  -8.56747246      -11.1237268    
  -3.13503194       17.7674465    
   1.60182524      -13.7335176    
   11.2965746       12.8193607    
   7.74871159       1.07401848    
   6.07347345       14.8551445    
   13.5921288       4.90679693    
  -9.53469276      -12.5889091    
  -17.7474842      -11.4820843    
  -6.95643139       11.4784346    
   2.73269653       12.0942698    
  -7.91597986      -12.5844975    
  -6.26753426      -8.67966461    
   1.66000593       1.98396134    
  -3.47373366       14.8843918    
   16.4157200      -12.7288799    
  -4.77148676      -6.61646366    
   7.96858406       8.51511574    
  -4.50048876       12.1933842    
   16.8170433      -7.10177517    
   2.95593166      -9.88087749    
   12.7668123      -8.96587276    
   12.5940752       1.39589262    
   4.50653410     -0.340122432    
  -7.97575378      -9.80265045    
  -3.77566934       12.9295912    
   5.10137033      -8.94026279    
  -5.23304367       2.29200172    
  -14.0319176       17.7365494    
  -4.32946634       8.18115807    
   1.61945701       17.0398674    
   15.9202805       4.94211578    
   12.6991663       4.39604092    
   7.63231468      -9.54758453    
   11.0452204      -4.04004097    
  -17.4301147       7.43836451    
  0.934271753       9.36222744    
   5.47432184       13.7558708    
  -10.2953672       2.94674468    
   18.1921730       12.6023674    
  -12.0547504       7.76757622    
  -7.35638714      -17.6064034    
   9.51784515       16.0409451    
  -16.3290882      -12.1637125    
   6.98245716      -7.16845131    
  -3.86555409      -15.2805424    
  -16.7196503       10.3557625    
  0.843869805      0.214869991    
  -2.27880001       3.24873090    
  -7.51302338      -7.60294151    
  -15.7995358       17.6059303    
  -9.01203156       4.37650919    
   16.2285233       18.2448807    
  -10.2007742       16.5805264    
   12.8921776       7.41855192    
  -9.29766750       14.7410984    
  -13.1325674      -2.42457223    
 -0.707112491       7.03363609    
  -7.66784382       2.81645656    
   8.35327435      -13.2421608    
  -6.16999102      -12.5891304    
   1.28238821       8.27852249    
  -10.0761805      -11.1576357    
   12.9841013      -16.8783302    
  -2.69429970      -13.4443569    
  -14.1201811      -7.19332600    
   14.6761255       9.40372849    
   4.81421423      -10.3427944    
 -0.599140584       4.26372910    
   9.09774685       2.58502650    
   6.80578756      -12.2184105    
  -8.41229248      -2.19589710    
  -1.56721771      -3.88276839    
  -3.00262070       7.06709433    
  -13.3243761      -13.2062807    
   10.1922369       10.2050648    
   9.83650398       13.9570065    
  -14.8568850      -6.13439798    
   5.37852621      -13.6556768    
   17.1176586       1.86218452    
  -11.5052595      -11.0793285    
  -9.31413555       17.4259834    
   10.2456741      -8.42584801    
 -0.113036096      -3.75321412    
   4.19982147      -15.3738232    
  -5.89272690       7.20779371    
   5.25951815      -15.3654099    
   7.70983982       3.42741799    
  -9.90542984      -15.7471409    
  -10.9619045      -1.75087178    
   8.42116833      -17.4834652    
   14.6188393       16.4769573    
  -7.79175043       1.16641569    
  -9.90398216      -6.94025135    
  -13.2885742      -5.83542538    
  -12.8434906       12.9452257    
   17.4986172      -2.18990946    
   10.1733608      -1.62310719    
   13.5117960       8.45088768    
   3.86308622      -17.5599670    
  -18.1506672      -1.77430367    
  -5.89724541       17.0256329    
   10.7667065       8.28735828    
   8.48723888      -2.02465820    
  -10.4747906       8.50420952    
  -2.48718071      -16.7559929    
  -2.81431556       8.79756165    
   13.0576963      0.447873384    
   10.2464914     -0.264674455    
   7.43225956       15.5408506    
  -4.11420298      -9.30892086    
  -4.95442963       18.4851379    
   13.8037395      -9.49132824    
  -14.2201033       11.7961893    
  -3.10249496       11.4246988    
  -4.58480549       4.94506788    
  -13.4598970       9.95209885    
  -14.7832975       1.92561054    
   12.2941103      -4.54994202    
   1.93923211      -10.6904182    
   6.67591715      -2.63025498    
  -1.76802862       15.8511667    
  -11.2045746      -9.03085899    
  -4.63314962      -17.7919331    
   17.5986557       17.4328976    
   17.3794880      -4.64379072    
   12.0293741       8.32002544    
   6.53836870       12.2352581    
  -6.38319969       8.55205250    
  -12.6683416       1.21866155    
   10.5348997      -10.5357838    
  -6.47551918       5.37594780E-02
  -10.8643417       15.0429583    
   18.1037121     -0.329167724    
  -10.4047518       9.70779610    
   15.0986691       3.32283568    
   16.2376232      -16.7960205    
   14.7195730      -17.8027134    
   4.13922787       3.24607301    
  -11.0385771      -18.0626659    
  0.709651172      -4.92258167    
   6.72611237      -5.09844923    
   18.0770702      -11.7636499    
  -18.0960464       16.4483185    
 -0.299074233       17.8129025    
   4.19937086      -5.09010172    
  -13.6107531      -4.40445042    
   6.01756859      -16.5637302    
   1.92966723       5.59015703    
  -11.5817108       11.7995148    
  -8.10776520       17.7350883    
   16.7875595      -9.52282047    
  -11.2956572       5.16527128    
  -11.1068487      -3.35139561    
  -9.66682339       7.59938192    
  -15.6032009      -10.9792852    
  -17.8914623      -6.14202118    
  -7.97520113       12.8042660    
  -9.09505177       11.9631510    
  -13.7937393      -8.18553066    
   9.79834652      -11.3769007    
  -16.1469955      -16.8583775    
  -13.1033401       11.3767090    
  -6.51067924       17.9294567    
   4.21673965      -7.69105434    
 -0.164515361       8.75314426    
  -17.0692272      -17.9542255    
 -0.796115756       10.2539949    
   15.0844793       15.3909578    
  -6.15984058      -7.43931866    
   12.1847773      -1.50639451    
   5.62457228      -3.88536453    
   4.44572592       12.0556917    
   7.99504471       13.2264118    
   18.2772751       9.68424892    
   6.37914515      -15.1968746    
  -1.43859577      -8.75435734    
  -17.5229549       3.14495492    
   7.20053768      -14.4313679    
  0.973338008       18.3002796    
   12.2276506      -15.6601067    
   13.7703896       2.12000060    
  -3.81121135       18.5090866    
   7.20715046       13.9235830    
  -18.0032120      -7.94243193    
   1.36188841      -16.8538437    
   10.0318708      -12.6210508    
  -1.15064192      -12.4917755    
   1.81093276      -7.22711802    
  -12.8105736       2.78097868    
  -13.1934395      -11.3692827    
   7.08319759       16.6881847    
  -13.6633568       7.78434658    
  -18.4973831      -3.21800566    
   11.2621613       14.0071869    
  -13.3157196      -16.9387913    
   2.43358922      -16.3771706    
   13.7658424      -5.77109575    
   9.54071808       1.45407999    
   14.0498543       3.80846286    
  -16.2542820      -2.25675130    
  -10.6282454       6.44883728    
  -18.4837799       12.9533787    
  -18.1030312       4.23955917    
  -12.0864477      -13.0658398    
   11.4918633      -9.21228790    
   5.61588669       17.1661949    
   4.07598972      -3.56305957    
  -10.5601349      0.852953076    
  -11.6970205       13.4594612    
   18.5190239       14.1011944    
  -12.3680191       17.5920849    
  -15.3129206      -12.9330425    
   15.1947737      -10.9158850    
   7.31921005       17.6842480    
  -18.4295292     -0.214240283    
   17.3531914      -8.25020695    
  -4.96537971      -12.8176813    
   17.8268929       16.0045757    
  -18.3816223      -10.1985426    
  -3.18379569       4.76931477    
  -16.7273827       6.04971457    
  -8.15372467       14.0232983    
   6.56071329      -9.77896690    
  -11.6244688      -16.2334843    
  -2.71830392      -14.9492054    
   16.4178009      -6.09632826    
   9.87831211       3.46767092    
  -12.7548409      -3.55178905    
   4.17435026      -9.47301388    
   11.8571939      -14.1345558    
   18.0436497      -9.43509007    
 -0.402876824      -17.4339199    
  -9.82472801      -1.71359968    
  -7.84461308       7.97237110    
   2.29770684      -5.81348944    
  -1.71288383       7.25249195    
   15.1113586      0.731726348    
  -15.3984022      -3.85715151    
  -14.7726412      -16.7593422    
  -9.65201473       5.31797266    
   1.81145871      -11.7009249    
   9.14968586      -8.46996021    
  -18.2438583       11.9279423    
   16.4754658      -1.18637633    
  -14.3239012      -12.5852375    
 -0.964908719       13.7117577    
   16.9576969       5.44724417    
  -8.29714870       11.1376181    
  -11.8084698      -7.90991497    
  -17.3691883       18.1913872    
  -6.24745846       2.70109391    
   2.26630759       3.94470525    
   8.32655048       18.2763062    
  -16.1009693      -15.7617044    
   12.2771568      -3.23434711    
   6.78392410      -3.68285012    
   8.11435604      -7.87528944    
  -16.2360115      -4.57737494    
   5.50872135      -12.6405277    
  -4.16246748       3.85094714    
  -14.1851625       13.1533613    
   9.89230537       11.8054104    
  -10.6655569      -5.22879457    
  -15.0364323       5.63037014    
   14.5479450       12.4297724    
   12.2797022       11.1611423    
   8.18767166       4.94627619    
   11.2729416      -2.63662934    
 -0.754528463      -11.1382170    
   9.09851646       17.3411465    
   10.8888721      -15.6015987    
  -8.85042191     -0.207918882    
   14.9042110      -8.45357037    
  -6.06683159     -0.957456052    
  0.311230958     -0.950887203    
  -12.7476273     -0.490691394    
   11.3762465       18.0846443    
   7.47010851     -0.709830165    
  -9.57477093      -14.1825724    
   18.1281281      -7.52634048    
  -1.26090956      -15.6997585    
  0.679959834      -6.87381363    
   15.1855135       10.4396687    
   5.65979862       11.2399998    
  -9.80073452     -0.528551280    
   14.4973660      -12.7527552    
   3.84019351       15.8899174    
   17.3347321      -14.0506563    
   6.40476656     -0.230561897    
  -9.34315491      -8.54818153    
   11.8106308      -17.4648399    
  -12.0813799       10.9206553    
   2.37553668     -0.180355310    
  -2.53525734      -12.2877874    
  -9.29140854       10.4151449    
   12.2224894      -12.5382938    
   11.3056307       11.5563850    
   7.80366421      -18.3361187    
  -1.10376287       2.81707525    
   9.59710407      -3.23840594    
   5.14014721       15.3904629    
  -17.4071732     -0.546180904    
   7.54671860       6.44500160    
  -3.05908680      -6.16778183    
   1.31792808       15.8438339    
  -6.83412218       6.55426836    
   17.2258148      -11.2087555    
  -17.6427212       14.9508734    
   5.25475883       4.77426434    
  -11.8658133       4.32421446    
  -15.5368690       6.61520004    
   5.85298007E-03   14.9929333    
  -16.2184582       8.27097416    
   3.03050685      -2.50609851    
  -14.8753700       16.9686089    
  -6.54058266      -16.3160934    
   12.3071861       9.42163467    
  -15.2570000      -2.12483954    
   9.65400791      -15.0050793    
   3.12814045      -11.6805000    
 -0.307366520       5.88650703    
  -8.04387951      -15.2327509    
  -17.2797012      -4.41789293    
  -8.29204655      -16.4502449    
  -3.98441005      -14.0641479    
   4.47860813      -2.56267500    
  -11.7169542      -15.2181215    
   12.7257662       2.66912460    
  -14.6424570      -11.6041994    
   10.0517120       6.21998358    
   2.63199615       9.48735142    
  -6.76738405      -4.75850821    
  -5.87751007       10.5489597    
  0.409779310       7.36699057    
   14.6092834       18.5121326    
  -16.5884018      -7.36828327    
 -0.751105905      -2.42862868    
  -8.43484211       9.21606159    
  -2.61568546       10.0909595    
  -13.3805313       14.4539156    
   11.1068707       15.0733595    
   9.27860165      -9.98033905    
  -18.5306034       1.00143623    
  -1.61066318     -0.406628549    
  -7.37325478      -1.08659506    
   15.7374640      -18.4892483    
  -16.1440392      -5.97966194    
  -15.7309570       3.88380241    
   17.8099270       3.26332259    
   15.4808960      -15.0970411    
   8.73539734      -5.49930477    
  -18.5088329       7.16026926    
   11.4064598      0.138080835    
   9.96786785      -16.0161667    
  -5.73121214       12.0719452    
   18.3000107       4.47187996    
  -10.5435572       11.9077721    
  -4.67667675       14.1075954    
 -0.248768225      -14.4599714    
   3.32518649      -4.54225731    
  0.430760771       10.9297237    
   10.7055626       4.51668215    
  -17.8645477       8.68055725    
   3.97663927       4.65978765    
  -11.7568979       14.5436192    
  -3.82888532      -2.31126642    
   13.1425457      -11.6545095    
   5.48711491       12.7445936    
  -4.89607430       1.13326204    
   2.93671131      -7.29697800    
   2.75119662       8.21708870    
   7.23657703       11.3911495    
   7.80487251      -4.62873745    
   10.9002972      -7.16142941    
   3.16716933      -1.25311005    
  -12.8158417       16.3812294    
   15.7798777       12.5267162    
   3.73047829       12.8598986    
   14.0542755       14.8841038    
   14.0741901       7.35174274    
  -4.45284748       6.51523972    
   7.95537090       10.6623354    
   4.26601171       18.3433857    
  -7.90063953       10.1372623    
   15.9446907       2.67813492    
  -14.3269730       3.13632011    
   18.0099640       5.79410982    
   17.6539154      -5.74463034    
  -4.42941761       9.37631035    
  -15.0151434      -8.24568653    
   16.3236618      -14.1501598    
  -6.88423157      -10.1726646    
 -0.391526580      -7.61423874    
   5.94335556      0.798809171    
   15.8640509      -4.18293858    
   16.8244190      -3.51253700    
   18.4241848      -12.7871466    
  -4.94955540       15.9812012    
  -11.5623245       1.36795127    
   12.7708712       14.8555002    
   8.08305359      -11.3929682    
   13.5164289      -2.22756386    
  -7.42191887      -6.25821877    
   2.82383633       16.5717640    
   3.94932103      -6.37896156    
   12.0860147      -6.00045347    
   3.75777674       13.8727713    
   6.06749678      -8.26905441    
  -13.8786793      -17.8568020    
   6.72035027       10.1155119    
  -14.1628466       6.62515354    
   4.89160013       6.78932190    
  -12.3775330      -9.55377388    
  -2.05870891      -7.31460571    
  -5.70470905       5.47304010    
  -11.3384180       3.27365208    
  -3.64282727       10.5231085    
   15.3028049     -0.533502758    
   7.86791658      -6.63055611    
 -0.742811441      -18.4076557    
  -7.90956116      -18.5080891    
  -9.59392452      -18.3295212    
  -16.8814144       16.4301167    
  -17.5804062       13.6828709    
  -10.3670902       10.7172174    
  -9.70337486      -3.03800154    
   18.3857632      -17.3903027    
  -11.7480421     -0.165525109    
  -8.47023869      -6.92832232    
  -6.01782703       13.9190493    
   1.81104112       13.8028450    
  0.514805973      -12.9659796    
  -2.56686425      -5.26061170E-02
  -14.4363165      -14.6444168    
  -17.2559185      -13.4019547    
  -2.23012471       12.6275120    
  -1.52134621       9.21111679    
   15.8331528       14.5755091    
   2.75971437      -14.4822330    
  -18.2559547       17.4990139    
  0.342455685      -10.3182888    
  -14.7942171       8.02511597    
   7.31132221      -16.4571419    
  -12.8675499      -7.61875963    
   2.22497654       6.99053955    
  -12.2607889       9.32320118    
  -1.44513810      -14.6439505    
   5.75969028      -10.9561224    
  -6.88545132      -3.07512784    
   14.1894026      -2.99190235    
  -14.1624489       15.2918577    
   14.0360889      -1.35402918    
   14.4809847       11.1589460    
  -6.33649492      -11.2257128    
  -3.96050549       1.49517465    
   17.9935493       11.4491673    
  -7.39311361      -14.0940666    
   1.71702659       11.5187778    
  -10.6422710       4.35489321    
  -16.6184158       4.86373138    
   12.9880791       6.19471788    
  -14.5392027     -0.888643205    
   1.91312683       12.7869673    
   17.2377243      -18.0222988    
   12.8441229      -7.90971613    
  -16.8718414       1.42607677    
   18.3951988      -15.5606918    
   18.3746700      -3.78670788    
   13.3087730       13.5108061    
   13.2123480      -14.8156710    
   10.5711670       16.5013103    
   13.2556305       11.5482035    
   4.57572031       2.32821560    
  -15.3833857       15.9983778    
  -11.7063913       16.6990547    
   11.9194469       6.84716034    
  -8.34588814       15.3964376    
  -12.5016603       5.47818184    
   2.31801653      -8.64881802    
  -12.0260296      -17.5936604    
  -5.67602968      -3.69837856    
  -4.59869480      -10.6332912    
   16.0342216       16.1950397    
   14.7780457      -16.5250225    
  -4.83694553      -16.2959251    
   11.1101627       9.28071404    
  -17.1471577      -16.8606014    
   2.51420951       2.63919473    
   4.42889404       17.3252659    
  -1.34227462E-02   2.82512021    
  -2.54554486      -9.79709339    
  0.722742498       13.8265018    
  -5.14087629       3.59901929    
 -0.689069629       16.7482147    
  -3.66283417      0.147013873    
  -14.4503269      -10.4917002    
   3.13835287       17.7371063    
  0.375403821       16.4908638    
  -5.85009670      -18.5094948    
  -16.4716721       9.24800014    
   13.5629873      -15.9345579    
   5.77846670      -5.54123449    
  0.581734061      -18.1601868    
  -13.2813358      -14.3528194    
  -2.24496365      -1.86709177    
   3.58996487      -18.5268059    
   16.3964176      0.408013910    
   16.6182251       11.3689241    
  -5.92952394       1.23131096    
  -14.0416107      -3.19911218    
  -4.39139652       17.2137661    
  -9.15020275       13.6931696    
  -2.61637044       13.9163847    
  -3.68742609      -11.0723686    
  -18.2840691      -16.4992256    
  -7.71094227      -8.73823452    
   9.96618271       17.9175472    
   1.83888531      0.688594580    
  -5.18874741      -8.09354210    
   5.33882380       3.31754375    
   2.01331258      -12.7890530    
   2.90049958       4.89216137    
  -15.7128057       14.4228363    
   13.3870668       10.0178366    
   4.30041790      -12.3086386    
  -6.38799620       12.9059362    
   7.28005123       7.50153875    
  -1.55505657       18.1672478    
   9.43229485      -18.2722034    
   13.4290943      -13.8317566    
  -15.7721615       11.8136139    
  -9.14420414      -9.61419010    
  -3.92128015      -1.27853262    
   5.77505541       9.61230087    
  -7.58304739       16.0633717    
  -8.83410645      -4.60356236    
   4.65084982      -16.4888763    
  -11.9280443      -12.0041370    
 -0.359855533      -5.55404711    
   13.3682556      -18.5173588    
  -1.03795946       14.7579107    
  0.613829374      -2.85189939    
  -17.9240780      -15.2006311    
   15.8966408       8.96714306    
 -0.747164190      -9.79628468    
   15.8639383       17.3010349    
 -0.876601398      -4.61689663    
  -5.65728188      -14.4494057    
   1.07300222       4.07286119    
  -3.24455500      -8.41321850    
  -2.63029027       16.6326103    
  -14.0251703       1.03525496    
   6.75749636      -11.1941814    
   1.41714585      -9.62285614    
   17.8415279       1.00207698    
  -10.0699759       1.78433037    
  -15.1631451      0.763317883    
   10.6662683      -17.7032452    
  0.783716023      -14.6567745    
   14.6476078      -10.0751686    
  -5.17117977      -9.62648201    
   10.8851175       1.43013775    
   1.38468385      -15.5068665    
   15.7882757      -9.59443092    
  -11.7101955      -14.0444899    
  -17.3537464      -3.26902080    
  -10.8451920       7.47572041    
   5.54563999      -1.98372281    
   3.63233638       10.7165985    
   12.6589022       17.2614384    
   7.13228798      -13.3790798    
 -0.623632908       1.62814701    
   15.7921095      -2.53186584    
   17.5880260      -16.6230602    
  -11.8475037       6.42256832    
  -4.55782318      -5.10487223    
  -8.39564800      -3.56088114    
   14.7662296       13.7044868    
  -18.2364655      -12.4392395    
  -16.9956493      -9.92140198    
   8.92457104       6.75269508    
  -1.16745186      -13.5548563    
  -3.66037941      -16.3965225    
  -13.4513988      -15.4078140    
  -3.56925941      -12.6613884    
   14.0814285       1.02834809    
   5.79150057      -17.5777016    
   2.33875275       10.4547548    
   1.93993700       14.8852415    
   16.0949593       6.17552614    
   17.1041775       13.3717108    
  -2.77731752      -18.1574688    
  -4.46960878      -4.09894419    
 -0.369009525       11.6346245    
  -6.94220018       17.0071259    
   16.1462479      -8.02019596    
   12.0201435      -11.5363035    
   1.59249222      -3.20832562    
   8.08756351      -15.2018642    
   1.20972860      -5.83697224    
  -2.02928948      -4.77298927    
   8.62723541       11.8030615    
  -13.9703083       5.61412811    
   14.9526625      -13.7341166    
  -8.74079895      -17.3853664    
  -1.94819176       4.59034252    
  -12.2158327      -6.65042400    
   13.3898401       18.4006214    
   6.99656916       8.93040562    
  -9.27848434      -5.81047583    
   7.03967667       5.44798899    
   4.79923582      0.856541336    
   18.0231857       8.37511921    
  -15.9226999       2.86194825    
  -10.0233269       18.2851295    
  0.354526192       4.82252216    
  -16.3003597       7.26698828    
   15.6232281      -6.81406212    
   13.5493946       16.4542618    
  -7.31049347       9.00188160    
  -7.22699642       4.65771723    
   8.00193405       14.5589027    
  -15.1603146       10.9649782    
  -8.40521049       5.23389864    
   3.42154741      -16.0327473    
  -15.3998384      -7.19880962    
  -10.1349020      -17.3462448    
  -16.7195625      0.328515917    
  -8.90071869       3.09902143    
   14.4142752      -14.6645613    
   3.37366962      -8.39810085    
  -2.23966312       14.9122066    
  -6.82982445       10.2088432    
  -4.28874969      -7.53006983    
   9.61454868       4.61711073    
  0.636028230       1.39438140    
   15.6823874      -5.22989941    
  -7.84197712       1.06785400E-02
  -7.06096983       14.2705050    
  -3.18627930       2.18885779    
  -14.2499142      -5.28260279    
  -14.8649826       18.4199314    
  -14.0053129      -1.90935528    
   9.74128342      -13.8378592    
  -3.49672151       6.10984850    
  0.718027413      -11.2612247    
   3.91668224      -10.8805923    
   6.90296125      -17.5420799    
  -1.30047297      0.883218884    
   7.52623826E-02   13.0553074    
   11.9620972       5.64526653    
   4.33655214       5.61677933    
   16.1325035       10.0484514    
  -11.0238571      -7.28229809    
  -11.6611519      -5.71104145    
  -1.84838831       2.10343385    
  -7.50744915      -11.3389330    
  -18.4474659       2.33398032    
  -10.6114349      -12.0678902    
  -7.43674946       5.71602392    
  -10.8031673     -0.629611850    
  -15.3682089      -5.20250845    
   2.05331564      -2.24866247    
  -18.5280056      -9.09058857    
   15.4225073       1.76255345    
   14.7904472      -5.85435009    
   16.1777611       3.86990476    
   6.56238174      -1.27950478    
   3.45858979       1.84426320    
  -3.38497138      -5.07805347    
   3.15092945       3.41798139    
  -12.1574392      -2.65239859    
   7.68950558       2.37471914    
  -8.81074810      -13.4677534    
   6.71689659E-02  -15.6770315    
   5.75189972       7.29950809    
   8.74095821       15.2777386    
  -18.1842365      -5.12682390    
  -18.2604465      -18.0691929    
  -5.28234196      -11.7255211    
   3.15951562       14.9838543    
   10.7683411       7.06137419    
   13.9981432      -10.8743315    
  -10.8460913      -10.1820993    
   5.95783663       18.4059868    
   16.1569061      -11.2154188    
   4.99059916      -18.1948948    
  -9.40009594       6.42311001    
   12.3215790      -10.1245203    
   9.06410789       10.4846468    
   9.90256405      -4.79234695    
   9.73364067      -17.0659275    
  -11.2191534       18.3503418    
  -1.27113509      -16.8382778    
  -15.8965635       13.2990580    
   14.9143744       4.84626102    
  -7.00601721      -15.0844221    
   14.2078161     -0.268404096    
   11.8126326       3.60006452    
   9.68445301       8.91167355    
   12.9025507      -6.86344671    
  -13.6276617       2.07295370    
 -0.598771572      -6.59022141    
   3.81098151       9.12282944    
   2.65496397      -3.70567441    
   13.7099991      -4.54123211    
  -5.75667238      -4.83319807    
  -5.25071955      -1.84934282    
  -1.69992065      -18.0211849    
  -16.4581776      -8.45997810    
   5.45592070     -0.877679646    
   9.32820129     -0.748960495    
   11.6201057       10.3391247    
  -7.76245451      -5.18849134    
  -16.9829845       11.3886070    
  -14.8063145      -9.45800686    
  -13.6998863     -0.133728117    
   18.4973240      -14.0664234    
  -4.24115467       2.46280313    
  -9.05379105      0.845120370    
 -0.359415829      0.424673587    
   10.8347254      -11.6878290    
  0.938681901       12.1809549    
  -16.4598408       15.5204744    
   12.2588139       13.5626764    
  -16.3957596       18.5066147    
  -12.4973412      -18.5292110    
  -13.6758184      -9.46240807    
   6.12975359       16.1195507    
  -13.9233866       8.96597862    
   8.68269348      -12.2211552    
  -12.0413055      -1.62840557    
   10.8961849      -14.5208988    
 -0.162239566      -12.2037067    
  -2.40283275      0.990795314    
  -13.1631689       15.4319839    
   14.7740927       8.22926807    
  -17.1319828      -1.72350931    
   11.3109760      -8.15893745    
   18.4866638      -5.00198030    
  -16.6367188       14.0219860    
  -15.8241577       1.69643843    
  -17.8482246       9.82392979    
   1.03601730       3.01191616    
  -8.02200985       3.79007077    
   11.0785885      -12.9748573    
   8.80122757       3.62129545    
   11.1361990      -16.5913277    
   13.8637438      -8.34131241    
  -4.74756241       10.5281086    
  0.997406125      -8.28146553    
   11.1227989     -0.824684680    
   4.82184362       16.3404369    
  -14.5010071      -13.5807524    
  -8.37574005       6.65459967    
  -6.18858433       4.48980570    
  -5.11192322       13.0165768    
   10.5218773       2.40985250    
   7.67316866      -2.73186803    
   12.4956732     -0.396352142    
   6.34980297      -18.4989052    
  -2.39026737      -2.88156867    
  -10.2889910      -8.09625816    
   10.9706411      -5.06483412    
   17.6208591       10.4938259    
   9.04336929       5.74604893    
   4.05529785      -14.3638849    
   5.22271872      -7.68168402    
  -5.77701283      -17.1758499    
  -1.13742697       8.26365471    
   10.8440428       5.54940748    
   18.5210495      -1.74919701    
  -10.1529360      -4.23423243    
   9.51219273      0.417744577    
  -6.26825666      -2.20658016    
   1.30506873       10.4409256    
   10.2954874       12.9317102    
   18.5156078      -8.46222973    
  -14.5440435       14.3611536    
  -14.6974869      -15.6105566    
   18.1839161      -10.5668650    
   8.41358089       16.3614655    
   11.6256628      -18.5331135    
  -1.13061500       12.4626541    
   4.83456135       8.93440533    
   8.34072018      -16.4699039    
  -13.0158482       18.3704605    
  -6.87967539       1.80702198    
   13.4616156      -12.7344942    
   9.08053970      -4.20361519    
   1.57304859      -18.5167370    
   15.0777826      -1.64563751    
   16.6184311       15.2860880    
  -2.88318372      -1.01005995    
   7.57587957      -5.62739849    
  -12.5107327      -10.5596581    
  -9.06414509      -15.1569185    
  -18.5266418       15.4761658    
  -9.02908230       8.37378979    
  -8.46544456      -8.01444912    
   18.4776402       16.7992039    
  -6.38379192      -13.6776924    
   2.77503061       13.4488621    
  -5.37642050      -15.4102688    
  -11.9390278       15.7198191    
   15.3790579      -12.2187424    
   10.2163429      -9.54827690    
   14.2568054       17.5336285    
  -3.06198788      -7.30186129    
   8.33017635      -10.3804579    
   6.68934870      -6.11118078    
   18.4164867      -18.4813690    
  -12.9837084       8.59464073    
  -13.8971596       16.5151844    
   18.3889236      -2.78395271    
   16.0286484       13.5421658    
   4.19335413      -1.50103199    
  -1.77295136       17.1714249    
   16.8319054       12.4005976    
   17.3947525      -12.4969673    
  -17.1103573      -15.8106451    
  -18.5250778       14.3262062    
  -8.90248871      -1.24033022    
   7.14075708      -8.34029770    
  -11.8897820       2.35559583    
  -5.20942402       14.9718409    
   6.79262304       1.38391495    
   4.22190523       14.8364296    
  -7.39833498      -2.11977530    
  -16.7203484      -10.9234133    
  -11.3440342       10.1443214    
  -17.4971199      -9.04481602    
   4.87659073      -11.4760828    
  -10.1422691       14.1288643    
  -5.46323872      0.243547156    
  -10.0984278      -9.24925327    
 -0.710610092       15.7200108    
  -17.0839252      -5.43235445    
  -14.8089457      -18.4820652    
   15.6035080       11.3987350    
   18.4393406      -6.49500275    
  -8.99337864       18.4815655    
   17.2213383       4.40613174    
   3.31258345      -5.57660627    
  -1.14933395       5.27300930    
  -12.8920231      -8.66115761    
  -9.99632835       15.6001205    
   12.3858690       18.4398804    
  -12.6232824      -16.1046181    
   16.9695053       16.6418076    
   8.82115650       13.8288002    
  -9.43807983       9.40017128    
  -3.43628049      -17.3849411    
  -15.0944510       12.6019363    
  -16.3578911      -3.36428595    
  -15.3495455     -0.264278948    
  -6.82132673       7.61136198    
   11.0363760      -6.12999010    
  -7.37433958       18.4569130    
  -15.7069616       10.0136156    
   9.79961205       14.9935760    
   11.9026041      -7.27925587    
  -14.1712847       10.7362041    
   3.48892188     -0.239802048    
   8.55200863       1.74485755    
  -6.08707285       9.51961517    
  -18.4909935      -6.95068216    
  -18.4603939       18.5301380    
  -3.77790308      -18.4741039    
  -16.7885361       3.86545253    
  -3.28946090       3.30914116    
