   10.7195969       1.43969417       10.0378428    
   5.34144020      -2.85697746     -0.417165518    
  -9.18318748      -10.6568012      -3.29453516    
  -3.39875484      -6.07654667      -7.90332174    
   8.62903976      -2.43955374      -1.17454934    
   3.48872328      -10.4251328       3.25006914    
   3.15428233      -3.81362438       7.66316128    
  -2.12670946      -6.31520224       10.0943766    
   2.11995363       3.72675729     -0.928942859    
  -3.66221356      -8.60949039       5.50357485    
   2.27709174       4.71924448       8.56031513    
   3.40894341      -7.52507973       2.41975093    
   10.3124237       10.7536945      -5.23962975    
   1.09586096       3.42657471       1.16350448    
   10.2930298       8.65917587       3.40238404    
   4.93060684      -2.10153913       9.23450279    
  -7.58716297       3.76011920       5.80866432    
  -3.46169209      -8.27693367       2.46400905    
   6.90748787       9.63236237       4.97951603    
  -5.16225621E-02  -2.69731617      -1.69110632    
   1.13976061       10.7273464       10.5652351    
   5.30658102       9.77594280      -8.76263332    
   5.04188681       5.42404032       9.62705898    
   4.44193506       6.76082468       1.26237965    
  -9.44276905     -0.422683477       2.10466218    
  -7.80914021       1.88287258      0.430202127    
   8.31349754      -4.22678328       3.65515590    
   3.55352640       7.92162344E-02  -5.13670921    
  -9.12275028      -8.59081745       1.06139708    
  -2.68044233      -10.4457893       6.31067181    
   2.60422730       5.89461088       9.77210236    
  -8.31085491      -3.91110492       2.08592010    
  -9.73475266      -8.31168556      -6.11935139    
  -8.60538673      -9.19207382      -5.45370007    
  -1.21974993      -6.28303194       1.44343483    
  -10.2483807      -1.71728873      -2.20069027    
   10.2677221       4.14954996      -10.6656742    
  -7.97311115      -9.76438904       7.32028961    
   3.84542489       1.76557636       5.03116322    
  -8.27210999       7.33153391       7.21726942    
   5.31146574       7.39403915      0.621317327    
   3.56525826       4.97106886      -1.92597353    
  -3.10838437       5.07104492     -0.617942631    
 -0.805211782       5.59488773       4.36185598    
  -5.21446943       9.43006897     -0.945720196    
   6.64620066       8.80836487       4.19848967    
  -6.04343796       7.64726496       5.26536751    
  -4.28489065       3.70494986       2.55761671    
   10.0735683       10.5618858      -3.49004459    
   9.06515503      -3.46706104       9.28439713    
   1.00242662     -0.743009150      -6.96067715    
  -2.62853861      -6.99716091      -3.08389592    
   3.56939054       2.55406594     -0.669011712    
  -3.95873523      -4.97933245      -6.46500301    
  -1.82205045       10.3262691      0.930965364    
   4.50347662      0.624209225       3.52984405    
   8.63366699       9.50459671      -8.30706501    
   7.89961433       2.85178304      -5.54147148    
  -7.31655312      -10.3146667      -6.67327690    
  -4.04301071       6.67115545       1.58821690    
   7.02907324      -4.60069132      -7.31398869    
  -3.64263034      -5.04453754      0.964779437    
   1.15305924      -10.3064985      -7.56749487    
  -8.51210022       2.46066117      -2.01890063    
   9.41400433      -7.85349798      -2.77314210    
  -3.84542489       4.63126421       4.94890356    
  -2.61564064       7.08667707       9.77390385    
  -4.12748337       1.71795905      -5.74267101    
   7.41994810      -5.21087885       7.31955528    
  0.811279356       2.61915421     -0.197675884    
  -4.63543129      -5.69720602       3.26138115    
   2.30891418      -2.19438267       7.51455355    
   2.96486735      -5.19599438      -3.04139447    
   1.33208942      -8.15521526       10.3083115    
  -2.51624417       4.75481033      -3.05361056    
   8.83063126      0.941212833       9.90340710    
   9.25271320       2.87231016      -4.40347242    
  -7.00752497       7.38063288       2.55493665    
   4.43582773      -5.54896450       6.41937590    
  -2.34803295      -8.40317440       5.46554136    
  -10.1302147       4.32310581      0.542989731    
   5.44123602       3.18162298       7.99477959    
   7.12517452       9.84965515      -5.98356867    
   1.71261954       10.5731163       7.32437468    
  -7.00610495       4.51444054      -4.27546120    
  -10.2326717       8.97838497       4.06771421    
  -2.26227529E-02  -9.49030876      -7.06943226    
   4.05813694      -4.16623497       5.06701899    
   5.43280315      -2.24662280      -8.88090420    
  -9.71729946       6.01866913       3.89471555    
  -4.05960321      0.490449011      0.124880366    
  -1.32441664       1.88813114      -4.36649704    
  -4.41875648      -9.18253803       10.2323971    
   4.91561460       5.56038952      -4.11117458    
  -5.46152973      -5.23770571       2.54358482    
   9.43186188       10.6037493      -5.92859173    
   9.63644218       7.49280930       4.31159067    
   1.17295957      -1.25853753      -5.40371466    
   8.56738377      -7.63252163      -1.40913796    
 -0.918302417      -4.10677242     -0.410966963    
   4.08788157       6.69595861      -2.32324767    
  -4.45647669       1.63689744       4.85484266    
  -7.69621611      -3.58593941      -7.31668139    
  0.745311618       4.81139755      -5.85617876    
  -6.48471069       10.1822815       10.6336737    
  -9.00657272      -5.36711550      -6.12185001    
  -6.55428410       7.54623461      -9.80952358    
   7.84044361      -9.32582283      -1.56590104    
  -7.81373072      -8.20651340      -4.18069172    
   2.43961668       3.52601862       8.52962303    
   5.46535635       2.79797482      -6.01113272    
 -0.348214716       2.47803831       10.5062904    
   1.27515817      -2.78172016      -3.49891686    
   5.28752279       1.50239241     -0.945007503    
   3.19264984       3.95545793      -7.10122252    
  -4.88914299      -1.27623427     -0.910851836    
  -2.25662756       4.05753708      -4.33281231    
  -6.35068464      -6.62953615      -1.74509430    
   4.10732746      -7.74399948      -7.67536306    
   5.93108559       5.71688128       8.11167812    
  -8.63467884      -3.56525302       3.12594771    
  -7.93654776       6.62582779      0.902110696    
  -5.04670906     -0.886012673      0.235371917    
  0.104150444       9.94861794       1.08228374    
  -6.68674612      -6.43919945      -5.41328573    
   10.1278133       5.95468664      -4.89702129    
  -6.56954870E-02  -2.18133187       2.44089580    
  -8.93511772       5.10605669       7.81778097    
  -3.42479610       4.18910027       3.05678105    
  -8.93022823       4.48088455       1.99198234    
  -5.75694036      -9.15208721      -3.78456807    
   8.89978695      -6.37095356      -1.01758981    
   4.89430141      -10.1612215      0.366896451    
   5.76658821       8.49632835       9.57624817    
  -4.52849007      0.677909553      -5.75609922    
  -4.03360701      -7.72319078      -3.39149308    
  -7.46451330       7.52364016       10.1700268    
  -1.27275419       5.91265917     -0.943334222    
   7.85292530       4.91157484       2.95881128    
   4.82677126       2.24518847      -10.2056837    
  -4.46472502      -6.52380896       9.66613197    
  0.686104953      -10.5489931      -1.03120816    
   9.89513302      -3.73346186       4.40006447    
   6.25750589       4.81653261       4.93270159    
  -1.17671192      -2.54699039       9.09655571    
   5.35211802      -1.57855368      -6.08784723    
   8.30355167      -2.51798034      -5.58436823    
  -3.98391199      -1.44552541      -9.73842144    
  -1.63565314       5.11305809       8.03142357    
  -4.13679314       7.39655495       6.80999804    
  -2.00791860       7.86343241       7.58900690    
  0.260299712       5.95516205     -0.153826237    
  -6.35873747      -1.18212068      -1.43152320    
  -9.59342861       4.31955767       9.03219318    
  -2.39113522      -5.41025496      -2.87946653    
   10.7433844       3.49188995      -6.89991283    
   8.02260017      -5.51626873      -8.26458740    
   6.85583162      0.767847061       10.5147991    
  -1.80314004       6.63992500      -5.60285997    
   10.1314049      -2.66464496       2.87402582    
  -7.82276201       5.78406382      -8.59191036    
   1.11914635       7.14521885      -2.64438248    
   7.92331553       2.68576646       1.12706304    
  -6.21316814       6.95278597      -2.93860793    
  -5.80572510      -3.68162084       3.87997866    
  -1.52867889      -1.02756119       9.21254539    
  -1.15841413       3.60327411       6.05080986    
   6.26568079      -6.51199102      -5.24864817    
   3.80913639       8.58608913      -2.69274187    
  -10.3404999      -2.11129856       10.5774679    
   10.2281694       10.1318312       10.1007910    
   6.99135637       4.83551884      -2.86427140    
   2.62953138      -4.17265272      -4.28135967    
   1.28070176      -3.70985413       4.97037029    
  -7.36271763      0.708274364       6.12278223    
  -6.12329626      -3.76350951       3.12444903E-02
  -5.96955442     -0.721766889      -6.74771738    
  -6.56867552      -6.31425095       8.74282265    
   6.46155596       5.06181049      -1.82377112    
   6.70003176       10.5217028     -0.191309109    
  -6.04714108       5.64207745       8.77520084    
   1.93120003       7.98476458      -9.94041061    
   9.43715000      -9.76168537       8.55487442    
  -10.3467655       10.7558918       10.3455276    
   2.40567946       1.88658631       9.95895672    
   8.47597790      -6.41551447      -10.4978476    
  -5.27857113       8.41151905      -4.96435928    
   8.38117599      0.412442446      -2.86095691    
  -2.96316957      -6.50228262      -6.73847389    
   10.5062189      -6.83692026      -10.5172482    
   9.55960464     -0.173819065       10.3526878    
   2.44063377      -2.95831823      0.697563350    
  -7.63114214      -7.91043854      -2.55982423    
   4.31622410       1.07141721       7.01422167    
  0.804451585       3.49735284      -9.62668037    
  -7.07807589       2.55643654       5.57422733    
   8.83444595       4.61049175       5.17090225    
  -3.08725262       6.93429041       1.12150395    
   3.24894547      -6.73117876       6.85776424    
  -10.2896557       3.38631940      -8.19457531    
 -0.316904724       10.6073523      -4.71215487    
   10.3074627       9.75676823      -5.53457165    
  -1.79634953       5.07974100      -6.56492710    
   3.00200605       2.79387975      -8.55592060    
  -7.78299856     -0.971191168       10.4353752    
  -6.45519304      -1.94779885      -5.61826420    
   4.41668749      -9.06842995      -6.38105440    
  -10.3983450      -3.56968331      -4.63510990    
   7.44171572     -0.119915873       4.52664757    
  -5.28595638       6.95286798      -4.70496988    
  -8.01678848      -4.75735140       9.12351799    
   10.4770441       6.23259449      -3.27632093    
   5.69470453      -6.61214495      -9.38447857    
  -9.79792595      -7.61553478       6.61203337    
   10.4204273       2.45072842      -4.46996689    
  -9.56147462E-02   5.08724308      -9.92047024    
  -10.4348230     -0.462694824       5.95952272    
   8.76695442       8.94507694      -3.58003998    
  -4.32366037       7.08167553     -0.875501931    
  -10.4523649      -3.46653461      -9.51834869    
   2.58381319       7.00665188      -3.46699429    
  -4.12643385      -2.99636483      -1.90267408    
 -0.841356575      -2.53333616       3.08336163    
  -5.56594181       4.64664316       7.68706274    
  -7.24017715       4.98329544      0.213684008    
  -4.73622084       10.6225758       5.62839222    
  -10.0672684       4.45236635       3.70749760    
  -8.83227730     -0.836098015      -5.08794785    
  -3.11335540       4.80737305      -10.1841717    
   1.82781744       4.18488312      -8.38737202    
  0.565694690       10.6359463       4.87448597    
   5.61203003      -6.38535404       7.82604313    
  -6.62497997      -8.87283230      -5.57392693    
   8.84445477       7.10659313      -9.10150337    
   8.00321770       1.23212397      -2.21503925    
   10.7573032       5.81737995       6.15439034    
   5.45923758       1.29741752       4.18872643    
   8.09225273      -10.4632931      -4.61606503    
  -6.86564398       6.62953234       1.13193250    
 -0.305088043      0.791516423      -9.79529095    
  -7.67326593       6.03523064       5.83042669    
  -7.33523321     -0.668742001      -7.26009941    
   1.05249667      -4.20033121      -7.44538212    
   1.61627793      -7.66789961      -6.60771751    
   4.11668587       9.69901276      -7.94101143    
   4.52418709      -2.59110975      -2.19793582    
  -10.7505007      -1.87027383       6.54545975    
   8.14084148      -7.73896790      -9.84466267    
   1.41437852      -9.51825428       8.00057507    
  -3.35410523     -0.219029903      -4.69200277    
  -5.63249254       1.06962979       4.60774231    
   8.67864227       5.54497337      0.845097303    
   3.14377928       5.96670103       8.16563988    
   2.21344185      -9.44683266      -1.31160212    
  -10.5846243      -4.31802416       10.2012777    
   9.80636311      -6.17703342       3.74800205    
  0.778920233      -3.02272058      -10.7425947    
   7.52837896      -1.69183445       5.33965778    
  -10.5213070       2.46399117      -1.19709122    
   3.50442076       4.06640816       9.46068859    
   4.66932869      -1.04133105       2.89784265    
  -5.94205856      -2.19403076       7.11173868    
  -5.86208582      0.605110168      -7.81090689    
  -7.02452707      -7.59374046       6.67896032    
  -5.35409307      -1.93774140       9.83707714    
   4.73415232       7.22562933       5.96419573    
  0.816175818       2.39764190       4.18225193    
   2.16915178      -8.69640636       1.05990744    
  -4.46191025      -6.33713150       7.39111662    
   3.26389933       9.97682667       2.36892605    
  -2.07081604      -8.00125790      -7.80351019    
  0.482353777      -6.79819584       7.82250929    
  -4.00074577      -10.7061481       10.7630777    
   8.19547844      -5.52023554      0.946278811    
   5.62296057       3.91293240      -1.69532466    
   2.04089403      -1.15367687       9.57644367    
  -7.18817329       10.2243500      -8.89972210    
  -7.51655960       8.83105564      -6.34420729    
  -5.99916458      -7.88209105       4.25385427    
   10.2779140      -10.7110653     -0.124514386    
  -5.43652582       8.67305374      -8.52472782    
   5.92964602      -8.51904011       2.60069466    
  -3.56918263       10.2926188       4.13493252    
   7.05963326       10.0855074      -4.79494095    
  -2.88583088      -7.44951296       10.3608189    
   9.30170536      -5.72486115      -8.11376572    
  -2.88214278       7.31314850      -8.06205177    
   10.5561752     -0.430645168       9.94129086    
   9.92199707       5.45562744       3.13684368    
   3.55231929       8.17162418       4.94731236    
   4.22863626      0.740000427       5.36039543    
   7.03982782      -10.6832218      -5.92729473    
  -1.85039139       2.77187991      -9.72179317    
   9.93265343      -4.61010265      -4.73886633    
   8.15020561       3.81302333      -5.68344116    
  -6.75602961      -9.43474483      -7.17678547    
  -6.16914511      -1.57985198      -8.68833351    
  -5.70883131      -7.97752333       9.54186821    
  -3.54312730      -9.26890373     -0.159061700    
   4.23684978       5.22008753      -8.15131760    
  0.893605769      -1.06159616       3.98915386    
   2.01537681      -2.05256057       10.7656832    
  -7.86981058      -3.01320243      -8.34032726    
   2.83697939      -7.41299057      -2.06426549    
  -6.77749157       3.99198174       2.42609215    
   6.89128685      -8.21486759      -8.04122066    
  -4.60309887       10.4867954      -5.48358345    
 -0.234148130      -10.1324263      -5.71003675    
 -0.995927632      -4.55921364       4.63346529    
  -1.38088429       2.40452504       1.33540499    
  -3.37874413       5.85122585      -4.01602983E-02
 -0.995511532       4.21507835      -6.86256313    
  -1.26270711      -1.36247993      -9.50643063    
  -2.82549286      -1.48985922      -6.49227428    
  -2.26224828      -5.45290375      -9.43288231    
   8.78257561      0.425272316      -8.94940281    
  -2.24173927      -8.58571625      -9.74036789    
  -5.60965824       3.09075451       1.05280232    
  -6.80046463      -1.57489002       2.74925828    
  -8.89257431      0.799380481       7.42732811    
  -1.95026696      -6.39541006       7.04807854    
   3.82936811      -1.17009473      -7.06476688    
  -3.18811703      -3.68107510       5.31770945    
  -4.92265940       1.32049096      -7.91877890    
   6.42832899      -6.33490229      -10.2000637    
  -6.54433346      -10.6031542       6.93240547    
   9.57538128     -0.689510465      -8.32491398    
  -7.31441879       7.43793011       7.62038898    
 -0.560795665       7.96914148       3.20166087    
   8.39006233       6.36091661       8.19043159    
  -6.14601755       9.73450470       4.72069454    
  -8.38823986       9.85564995       3.16588593    
   1.76288867      -10.4937792      -4.82222271    
   6.47307634      -3.70783925       1.71070099    
  -10.2559385       3.66048908      -6.86296892    
  -9.39985085      -7.91066933       5.20647430    
   7.14882603E-03  -10.0948048       10.5726585    
  -10.6984138       4.29362059       5.58110523    
  -5.29520845      -3.63096261       1.56984973    
   10.5908880     -0.222447008       1.31715608    
   2.29262471      -8.92634296      -5.21000195    
 -0.637683749       6.75038052       4.83931065    
   10.6220131      -9.35772800      -9.16055012    
   7.13536549      -1.87977135       3.49080610    
  -5.29906893     -0.365441501       2.42163491    
   3.94275141      -2.14043713      -6.23058748    
   8.83130169     -0.524001122       7.67665386    
   8.98064899      0.331703216       4.71598530    
  -4.57704258      -9.43621349      -2.66032624    
  -5.19235373      0.870591402      0.739913106    
   2.23813343      0.862508953       4.43816471    
  -8.24427986       7.64460659       1.73331225    
  0.498535246     -0.528178394      -10.0406847    
   5.74931240       6.86119032      -9.55852604    
  -6.18931246       5.24038839      -4.09675980    
  -8.29385281       7.93184376      -3.02927470    
   8.80263901      -6.19871902      -3.03892517    
  -8.73902893       3.27231693       8.71763515    
   5.68472910       8.45512581       7.22406387    
  0.164145619      -9.66548994E-02   8.86495486E-02
   9.17935562       4.48485899       7.13684464    
   6.48674870       1.91990983       6.78631449    
   4.72397041       10.7325821       9.41167736    
   4.11484480       4.75859594       2.87472820    
   8.30773258       5.62946701       3.96523285    
   7.81499815      -4.37242556       10.4037485    
  -8.67921162       2.92530155      -9.33624744    
   6.55172491      -1.53238356       5.65458393    
   4.48852015      -5.46194172       8.64310741    
  -9.40636253      -10.3854465       9.63840580    
 -0.245182768      -2.48625684      -9.01080322    
 -0.438524663      -6.47342443      -3.14069867    
  -1.47993410       8.75268269       9.39869976    
   5.28797007       10.0785074       8.15580368    
  -5.20760965       6.32850742      -9.06749916    
  -10.3814678      -3.57467222      -3.55886960    
   9.23517346E-02  -2.56636548       8.47220516    
  -5.14377975     -0.120840453       5.16296768    
   2.54280925       3.81018043       5.05553722    
   7.88142443       3.42746592       8.66218376    
  -4.91313362       9.34585381      -7.75163078    
  -3.52598405     -0.556464255      -10.7448072    
  -5.77894545       9.87589931       8.31107140    
  -2.52130103       3.57674241       8.92069435    
  -1.88182855       10.5207987      -7.15625334    
  -8.08588314      0.180884421     -0.552646458    
  -7.40879822     -0.285185128       6.61176491    
   10.5106201      -8.93326855       9.93131256    
   4.34155512     -0.412546456      -1.24554193    
  -10.2385387      -5.56476450      -8.24277496    
  -10.6804047      -5.13869572       2.09794855    
  -10.0837202     -0.476239949      -4.86600304    
  -9.10001469      -9.11538601       7.73376846    
   2.59016323       5.14500475       10.5358934    
   7.60544682      -9.59348106       10.1475534    
 -0.281265914     -0.732828498      -9.12454796    
   6.18918800      -3.79820704       4.72795630    
   4.89243174      0.395186126      -3.99499416    
   8.82567406       6.06743479     -0.411390722    
  -10.3300524      -7.57938099       8.06266689    
 -0.935287774      -6.51088905       3.28942037    
   6.53257942      -5.69609261     -0.307188898    
  -5.90373993      -8.23766899       7.18613291    
 -0.992167652       8.42572880      -7.41177845    
  -6.71063614      -7.49537992       2.23188353    
  -7.19392872       7.80350256       5.35393620    
   9.52414513      -4.51407576      -6.07456541    
   3.79224348      -10.7247877       2.11490178    
   7.00731325       9.55236340      0.689620912    
  -2.48413539       3.72238851     -0.134000361    
  -8.23467636      -10.1337194      -5.43015146    
  -4.96812057       6.86422491      -10.1503963    
   5.13738203       7.20719290      -7.02158117    
   6.34697962       1.38063896     -0.104820766    
  -4.00562808E-02  -5.35787725      -1.47346711    
  -7.14154339      -3.73887062      -10.4109526    
  -6.81996822      -1.07501924       10.0695562    
  -6.01585436      -1.71111071       3.80745673    
  -5.40007687       6.05318213       7.10359335    
   6.41217566       10.4264355       8.27719307    
   4.26479149       6.57072353       6.71645975    
  -2.49460506       2.94916487      -5.66717625    
   6.47522593       4.53541422      -10.6567755    
  -6.04895687       8.60204411       2.12870121    
   1.57285464      -5.63083982       3.23824096    
   8.65902805     -0.641496360       1.63725698    
   5.57774448      -1.88213027       10.7458897    
   1.28872383      -6.13685656      -9.15382671    
  -7.45520163     -0.895832479       8.48342991    
  -2.98491144       8.92790890      -7.48973131    
   10.2238560      -1.83204615       5.21007395    
  -10.1168814     -0.317435086       8.86737442    
   8.67055893       9.05196762      0.432644576    
   5.07107544       7.03408384       4.38608027    
   3.74577284      -9.12248898     -0.692873657    
   10.6163778       1.82083690       1.37527645    
  -1.77791178      -3.58465528      0.765967071    
   9.20828342       5.26274681      -4.42018700    
   1.50150645      -4.08441830     -0.657438993    
  -7.45740795       2.08955026      -2.42695498    
  -6.67604923      -8.60671520      -10.6120691    
  -1.76611054       1.55979753      0.198803365    
   4.12481594       2.89435363       10.1565228    
   10.1447601       5.05634785       9.18146706    
  -9.37172318      -6.24357653      -5.23578358    
   4.03494406       5.15753317      0.631413281    
   1.58721781       2.69106221      -6.88133240    
   2.66259527      -3.97192597       3.80927753    
   7.76418746E-02  -6.25457144      -5.44844532    
  -1.24913883       2.05730534       3.98437953    
   4.01883173       3.37370113E-02   10.0114775    
  -6.51442051       2.52894306       8.96629524    
   7.11774969      -1.80238497      -10.2537794    
   8.68930340      -10.0320559     -0.320379645    
  -7.95212173      -7.23900986       3.29742455    
  -2.13768125      -9.36732578      -5.42390156    
   3.05401516       2.77475643      -5.40370703    
  -8.71425056      -3.43570876       8.63932228    
  -9.02987862       3.84469032       3.40169552E-03
   8.71374798      -9.42601109       4.80701065    
  -3.59591579       1.95394599      -9.44835663    
  -9.80376530       1.76130140      -1.45652032    
  -8.64542198       9.86199188       5.86206293    
  -7.59813356       4.79931593       10.6956606    
  -3.80132365      -9.48275661      -10.4421768    
   8.55110359       7.15281820       5.47576284    
  -2.92309546      -8.86722183      -1.23493624    
   10.4518700       10.6188555       9.25305653    
  0.284184754      -8.96832180      -2.58723164    
   10.7311964      -6.59242296      -8.04484081    
   5.45744228       5.61081648      -8.72080708    
   2.25873494      -8.85746288       8.85344887    
   9.60346413       4.72258854      0.111512437    
  -6.61912823       3.84475327     -0.899891675    
  -1.91547954       1.81804514      -6.78859425    
  0.617086053       9.53405666       10.2494230    
 -0.650668979      -9.60380745      -1.04245722    
  -6.41383505      -9.71657467       10.0344601    
 -0.178638458       3.42118120      -4.67502499    
  -8.85312843      -10.0427952      -2.56763673    
   1.49040759      -5.98618555      -2.56969523    
  0.214757562       8.22128296      -10.7146378    
  -4.17654753       8.80869675      -4.01276684    
  -3.75597668      -9.17850208       7.75747490    
  -10.1378746      -6.54357815       4.78949881    
  -7.42146349       5.78236103       10.4216623    
  -1.49251616      -4.81925774      -9.56072426    
  -7.72485924      -2.34694910      -3.41509056    
  0.813815534     -0.191314235      -2.31570077    
   2.34261894      -5.72090197      -6.80978107    
  -8.84462547      -2.60842776      -10.5506687    
   7.39609289       1.55126953       10.0714464    
  -7.78214073      -8.51005459      -6.74424887    
  -6.35591221       9.38019848       5.84195852    
   8.18620777      -4.33238363       4.78978634    
  -8.79611874       6.94324064      -1.38367474    
  -3.93313837      -2.76559901       1.53021216    
 -0.497742921      -7.72406673      0.272469521    
  -10.2080164      -3.41595221       6.13095331    
  -3.89091444      0.526127636       4.55659771    
  -5.68867254      -7.77798653      -1.54351199    
   2.10777617       8.49077511       10.7590723    
   9.21258926       3.96553850      -6.66527796    
  -2.37837720      -8.85698128       4.24858284    
   5.17894888      -8.69867897      -9.24091721    
   5.31510496       2.82635450       3.15723324    
  -8.73354435      -7.29140663      -2.76975846    
   1.95856762      -6.14643383       6.64244699    
  -5.03411913       10.7555695     -0.552167475    
  -2.61808825       9.99965477      -9.79686642    
  0.627768874       8.86534309      -6.42939329    
   8.85711765     -0.436535537      -1.41149569    
  -3.75461793       9.69328117      -3.02177548    
   5.61956120      -10.0506639       10.5960274    
  -10.2475548      -10.1415529      -4.90224934    
   5.35628653      -4.62148523      -5.88729239    
  -1.52021122       5.86476851       1.91684067    
  0.433373958      -10.4831266      -3.76598787    
  -2.77380466       7.21051216      -5.14132071    
   5.12113523      -9.84787178       7.37347507    
  -7.77663565       8.40047646      0.789156139    
  -7.94596910      0.275399953      -2.57061744    
   8.63550186       7.31898785       6.47501278    
  -1.74771130     -0.397834003      -6.45440722    
   9.95469570       10.6358261       6.45520592    
   8.76049137       4.56685257      -2.13376713    
   5.39263391      -5.80047655       1.71575284    
 -0.938071847      -10.1069651     -0.159830898    
  -5.28226709       5.48951483      -5.18064642    
  -5.22200346       3.29808331       10.0376348    
  -1.99626243       6.40525293      -10.7698078    
  0.582025111       9.70189762      -3.46915674    
  -4.44575691      -7.46977711       4.39497280    
  -7.45752859     -0.936101973     -0.236328602    
   5.18553400     -0.842146337      -4.28526449    
 -0.631518543       9.14646244      -10.7457733    
   5.41525555       5.34319592      -7.17740440    
   2.21367550      -2.02334237       5.98429012    
   10.3193207      -9.38276005      -3.47532201    
  -8.83020306      -1.95391905      -9.14268017    
   2.25722861      -2.98015642      -3.92246699    
 -0.263430446       4.92019892       3.36980915    
   5.22723484       9.85863113      -5.75629807    
   10.3509579       1.89661157       3.70584631    
  -4.24501038       8.99734783      -8.77425480    
   5.07692862      -3.19614291       1.32133591    
   6.60137224      -5.55432796      -1.46223474    
   4.73054886      -9.86689091      -10.7571554    
   4.16147947      -1.05055761       8.84488869    
   6.96603823      0.581759274      0.200151712    
   3.29159951       6.62932444       8.02512541E-02
   9.14310012E-03   6.41216660      -6.49885559    
   5.43427467      -2.89801359       6.99661875    
   8.88539696      -6.85442305       6.88732529    
   1.16098118       8.79104996      -4.34844303    
   2.24951720      -6.71531963      -5.52734947    
  -3.40279746      -3.63650131      -8.99222469    
  -5.17606688       8.69820786       1.48925567    
  -9.60164070      -4.41998911       4.57993841    
  -8.25501919      -10.2827034       1.79251385    
  -1.46224630       9.08041477      -4.46084309    
  -9.10606956       5.05313969      -4.31510019    
   4.14506435       10.5476694      -4.96769047    
  -10.2508192      -4.89432335       5.79322910    
  -9.30844116       6.91871738      -9.13870811    
  -3.33092523       7.01609802       5.88291734E-02
   4.35546207      -2.68590379      -5.22297430    
   3.34223604      -2.71803951       8.19919872    
   3.98335481      -9.58291340       8.22362328    
   5.60437107      -1.48128366     -0.144581690    
  -8.40399647       1.64755845      -8.00040913    
  -2.63991618      -1.69945586       2.71673608    
   6.35225010       2.15186596      -9.72324848    
   6.41422892     -0.198225498      -9.83765984    
 -0.289431781       6.22196960       2.62505221    
  -10.3827028       5.04505634     -0.564359128    
   9.31739616     -0.769092679      -5.59742641    
   2.31118441       2.70822358      -10.4139853    
  -3.53304291       1.99318051      -1.71011674    
  -9.78733349      -4.36616707      -7.02965212    
  -5.34060812      -5.33077812       8.46870899    
   7.63832045      -6.77348852       7.62971830    
   5.18544006       1.83400571       5.50426435    
   9.82606792       1.90853488       6.61682558    
   8.73042965       3.85972643       3.18905830    
   7.40703487      -4.23380136      -4.11371565    
  -3.69966173       5.36400652       3.60226083    
  -10.4478712       5.25001049      -2.84555125    
  0.658640981       1.70678830      -4.24093342    
   9.72640419      -3.70903349       1.59896898    
   4.77569294       3.46635866      -2.39742112    
   4.20582867       6.62042665      -8.88129807    
   5.37841463       7.46015596     -0.729813337    
  -2.34275389       8.91985226      -2.11928725    
   4.53611660      -2.69017744       4.97632360    
  -7.80328417       5.44437742      -7.23787069    
   2.22091436       5.22907019      -8.61851501    
  -8.97907257       2.37347555       9.59067535    
  -8.23774242       6.33514786      -4.16215372    
  -5.66340208      -6.11044931     -0.634389937    
  -2.14697337      -4.88779736       8.32177734    
   9.07878017      -7.44844341       9.52061272    
  -2.38096738       7.34149742      -1.04032683    
  -1.93555844      -8.61133289       7.39847374    
   4.86668730       9.17111301       7.28040695    
  -7.40175962       7.09248543      -2.64738989    
   6.97196198      -3.61807632      -9.29622555    
   1.32852590       7.12242889       2.16811800    
   7.47404909      -8.23175049       4.25655222    
  -3.79620624      -10.4926767       7.36066818    
  -5.11896515      -3.61236572       10.4468451    
  -10.4930048      -1.73147976       8.16821003    
   8.65049744      -5.26116467       4.94490337    
  -9.69418240      -3.42188621       2.21227336    
 -0.755754292      -1.78897345       10.2228470    
   8.96190929      -2.58795190       3.78659439    
   1.60635161       4.62358475       6.19684649    
   10.6609993      -6.06088305      -3.37502909    
  -1.21750140       3.44058466       4.45444250    
   3.00693202      -9.42910194      -8.77499676    
   3.90687370       7.51731968      -1.61846101    
   9.17410374      -9.13667870      -7.89119816    
   3.60534286      -3.96122646       9.23806667    
   9.07321167       4.54777288       3.84334087    
   1.71986473       2.16302633       7.19346380    
   5.89167881       7.53109598       5.13222361    
  -6.54368353      -7.13587284       3.55693197    
   7.04632807      -7.08700848      -6.01795387    
  -1.35789549       9.26690102       1.55650628    
   8.76050949       1.25879180      -1.41347063    
   10.4672174       3.36748099       4.47478485    
 -0.113515697       5.14009428       2.02027464    
   10.2602854      -3.33872390      -2.57433486    
   2.69213963      -4.83026028       2.66716559E-03
   9.95606232      -4.17591572      -8.35955715    
  -10.3702278      -1.61537135      -8.41198921    
  -4.81870174       4.47204065      0.784187794    
  -2.18334532      -4.97213507       1.26691914    
   1.16297543       4.05554914       3.28553724    
  -5.70663929     -0.296693593      -8.72665691    
  -4.79231358      -9.46040726      -7.31923532    
  -9.32308578      -6.95606565       9.48715401    
  -8.22393608       2.33721137     -0.591584265    
  -10.1492538      -10.1137381      -3.02206564    
  -4.00104904      -5.91225481       1.59804440    
  -8.40142536      -4.97070932     -0.932123661    
   3.45422101      0.464260191       9.22003365    
   2.94504142      0.964365959      -4.46634674    
   9.77818966      -2.04145265       10.7079582    
  -7.43176603       10.1195269      -2.69648528    
  -2.35594964      -1.93131816       9.72599125    
  -2.15520716       8.54880810      -8.60074902    
  -6.34450912       7.49529171     -0.490605652    
  -2.87663388       9.28812027      -6.35227823    
   1.26881194       9.44924164      -7.79792690    
   8.78210926       10.6376143      0.711819887    
  -6.32762003      -10.7320080      -7.40638113    
  -6.71991158      0.795040071       3.36295176    
   9.82005024      -7.61916637       4.26131678    
  -5.44618033E-02   7.42230701       8.63387299    
  -5.03406763      -2.33986568       5.86890221    
   6.18628836      -2.65701199       9.10060024    
   10.5419617       2.11912918      -10.1510754    
  -4.82666302     -0.289399683      -1.46977007    
   1.63296032       4.38838530      -4.13870287    
   4.69779301      -6.62148333      -8.61811161    
   2.03775191      -9.30414200       3.30185723    
   2.50460720       2.85193849       4.12185860    
   6.93504429      -5.61966419       4.07934809    
  -9.78054237      -4.44352627       9.56145287    
   3.63973212      -2.82100606      -7.97626495    
   1.64118648       9.63134956       2.29530740    
   7.02427530      -3.48740578       2.90890169    
 -0.693314135       7.14680433      -7.96854734    
   10.1475830      -7.49284792       7.74424219    
   2.18398356       8.06272125       4.97614384    
   4.60737795E-02   9.02787018      -9.04263783    
  -8.29578114      -3.25024128      -2.93259549    
   3.52637053      -4.80589485       2.78780198    
   5.73499680      -6.92048454      -6.17266893    
   6.92377329       1.57733762       8.52408504    
  0.205623448       7.38656330       3.95799804    
  0.463716984       4.03759193      -1.84265196    
   5.87903786     -0.239333495      -8.59035110    
  -5.50682020      0.660743117       8.28376102    
 -0.470905632       7.74876451       4.88532305    
   6.43957663      0.143694356       9.16969204    
   2.01706028      0.634506762      -3.57356024    
   9.71389294       3.44662404       6.49225473    
  -6.61520624       5.72013664       2.84295082    
   4.35305691       3.27505589       3.36698127    
  -7.19370270      -5.55256128       6.23015594    
   1.68299824E-02  -1.19650185      -4.25117826    
  -7.26805735      -3.31552196       3.18087816    
  -9.22003460       4.06185198      -6.58977938    
   1.90261495       5.08436918      -1.55681956    
  -2.11717606       6.11592913       8.89384270    
 -0.310066670     -0.510041177       1.26338124    
   6.53135443      -9.46477795       9.15086651    
   1.84666872       5.31542873      -7.64056778    
  -5.82204628       8.51209831      -3.58686018    
   10.0635347       6.51321602      -8.49033833    
   4.57275724      -3.85361528      -7.26694632    
  -2.06244588     -0.431714863      -10.6983519    
  0.316893190       5.45723295       10.1116257    
   4.85162163      -8.80467892      -2.15062022    
   3.78521657       3.40383244       6.82553101    
  -5.42063713      -4.59696102      -10.7567225    
  -5.57589674      -10.6529408      -2.41674232    
   2.61702895       4.47913170      -5.50164604    
  -4.17453289      -8.88342762      -1.33301914    
  -9.81131554       9.54902554      -2.51945329    
  -3.48797584       3.41533971      -8.60839462    
   9.30907726      -3.61313891      -10.6152821    
   7.25584269       10.2036285      -7.29670906    
   3.03677416      -8.95356941       10.3282261    
   7.11756611      -8.56966019      -4.26231575    
  -8.10416794      -2.49922800       8.34100914    
  -4.50488138      -9.05823421       3.18122363    
  -7.02514076       3.22741675      -3.43587184    
  -1.46404660       4.23844337       9.01919460    
   9.67576408      -6.36249208      -1.90846419    
   8.98442268      -7.50973940      -6.02525282    
   6.22874355     -0.564219177       3.72550273    
   6.52882624     -0.453267902       8.39855373E-02
   10.6856289      -10.1070757       3.48107743    
  -1.16063821      -6.50027943       5.56610107    
   6.34763193       3.76857162       10.6608181    
  -6.76526880      -7.91435480      -6.82784891    
  0.408981651       8.07162952      0.275682449    
  -4.92282104      -4.02667427       3.07440352    
  -4.89373159     -0.323347270      -9.80809689    
  -8.11656761      -2.03700304       6.82564306    
  -3.61134481      -9.90741253      -3.76845217    
  -3.57737923       3.30650973      -7.34141111    
  -9.72024155      -3.49347472      -7.54295015    
   9.40738201       7.81696701       8.69355011    
  -3.49750304       8.08961773      -1.47726822    
   3.63901424       5.22922945       7.34439564    
   1.05255961       8.02208042       1.63700402    
   7.14098501      -9.04132175       1.14889479    
  -9.78547478       8.19797516       6.02940464    
  -2.15760350      -10.2786732      -1.96531713    
  -9.03044796      -7.21510553      0.299200267    
  -7.53570223      -4.00843143     -0.104667954    
  -1.49624908      -1.67748797       3.51016855    
   10.5804291       10.4071703      -7.91154289    
   1.82695973      0.510719180      -6.57310963    
   3.67669487     -0.345265031       4.16612959    
  -10.3350315      -1.01317620       3.04220605    
   2.45452189      -2.88472772       9.00177765    
  -1.49183679      -3.05741671E-02   6.83303833    
   7.06451654      -4.23290253       6.19862652    
   5.79140139      -9.73063278      -4.04787159    
   3.11787558      -8.39024830      -8.51119423    
   5.13024092       4.99954748       4.31557798    
   9.99342060       1.56694508      -2.30358863    
   5.68910694      -3.83186316       10.1806612    
   4.14209938      -10.0289726      -7.78908682    
  -1.29612696       7.33898830      -1.88266456    
  -9.61916924       3.59682250       1.60782838    
   4.45528650       8.09881401      -3.69522643    
  -5.30829287       8.18526649       6.80716944    
  -9.53775501       8.36825752      0.536703825    
  -9.37221050       2.31664729      -5.54077387    
   9.20207596       8.47114563       3.06002235    
  -2.61499858      -8.74240303       9.64419651    
  -5.57264137      -7.59134674      -8.23025894    
   5.84705400       8.66002274      -8.59825611    
   4.66412020       4.24926996      -9.56473255    
  -9.35734558       3.68725061      -10.0024786    
  -9.08271217      -6.24680758      -7.47849607    
  -5.45356798      -5.99136305       6.09465218    
  -10.3883543       10.1525230      -8.55079842    
  0.922538817       10.6006289      -5.96430779    
  -9.96436310       5.20973492      -5.18519592    
  -9.61763859       8.87331867       3.19661140    
   5.59106112      -4.34787703       2.35216784    
   6.02868795      -7.14816952      -2.58136702    
   2.97421455      -9.07169151       5.61781645    
   2.60065484     -0.592427969      -2.98050165    
   3.75759721       1.05488002      -7.46957541    
  -8.55638313      -3.29921079      0.600553989    
  -2.47921467       6.22539711     -0.562928617    
  -5.59358978       1.02153599       2.49361634    
  -9.11981201      -4.39694262       7.79275322    
  -8.51092339       3.34747648      -6.36759281    
  -2.80489635       1.41376340       1.82968593    
  -10.4437580       9.06200504      -6.72774124    
  -2.93552208       10.7285309       8.44473457    
  -2.76461411      -4.00175762      -1.78723466    
  -3.88355231       4.92367125       1.69116282    
   3.94675016       2.27761173      -9.39038658    
   8.24674416      -1.73886490       2.24097395    
   3.16544914       5.08330679       1.16229224    
  -2.10280275       10.5896702      -4.21437740    
 -0.176902294      -8.23107910       8.88747978    
   8.15763950     -0.786948681      -8.44478989    
   2.55888033       3.68358040      -2.54449797    
  -8.41942692       7.53192949      -5.80750751    
   2.04457068      -3.68270993      -6.52427626    
   5.26359415     -0.746392906       6.91063404    
  -1.82592213      -7.13164282      -7.06421089    
  -2.30180764      0.868981063       2.98939705    
   1.51154459      -6.56513643       10.0420685    
 -0.230281562       3.36733961      -6.72314262    
   2.63159609      -2.71521950       2.46238065    
  -1.06769705      -7.77571774       9.91483021    
  0.699494720       10.4576778       6.65414572    
   6.25408077      -1.73126400      0.635373592    
  -8.93946457      -6.15004206      -4.26549387    
   8.54694748      0.742284894      -5.30826855    
  -5.27308130       9.07253265       8.67970181    
  -1.81464863      -6.02464676      -8.43636227    
  0.997919321       6.69460249       3.61124206    
   3.68721724      -9.40180302       6.98473549    
  -2.82875967      -10.2945595      -4.60789129E-02
  -3.99765754      -3.42061996      -3.73444152    
 -0.901282430       4.27702284      -9.35143852    
  -2.28772950       10.5726128      -5.43240881    
   5.01459885      -6.99593306      -3.08258724    
   9.82819557       8.88978481       1.65577435    
  -6.52326584       1.64448929       9.64828587    
  -6.18518543       2.53102207      -6.01243591    
   7.15182829       6.62959146       6.38741112    
  -5.43026972      -9.65846348       2.82675385    
   1.48329985      -4.20248604      -2.62865281    
   8.76225281       10.2606773       10.6854887    
   4.13076687      -3.41607547      -6.00793505    
   6.58664560      -1.28086483       9.31013680    
   4.25793552      -3.76033878      -8.30699062    
  0.824520171       9.43419743       4.89975023    
 -0.254024088      -1.08269715       8.19441605    
  -2.12563086       6.86986113       5.49193144    
  -4.21111679       10.2903728       1.11189091    
  -3.72537041      -5.80446625       8.90987778    
  -4.55271196       3.46380568       6.44625568    
   9.03077602       10.6778584      -7.22461319    
   6.71059799       10.0183992      -10.4743862    
   7.46488047      -4.59705067      -9.80575180    
  0.828822076      -10.1265335       4.35350275    
   2.75778246      -4.84681416      -10.4171238    
   8.01572800       10.6911116      -9.04372406    
  -9.59149361      0.492739916       10.6791811    
  -2.20079827      -8.80629253      -3.77666664    
   9.10175228       10.7389517       7.61185980    
   8.41739082      -2.88793564       1.20871532    
   1.90342271      -4.39765787       7.41449451    
  -8.68680096       6.61757040       7.85587505E-02
  -4.14717817      -1.39137447      0.856348932    
  -3.73510933       4.58313465       6.08052397    
   6.29874229       7.60002613       3.50067353    
   3.00721836       9.76025984E-02  -9.65034962    
  -4.39065170      -8.19311905      -5.20785236    
  -3.11557698      -3.19922471       4.36563253    
   6.14386034       9.59040260      -7.57802773    
   6.53889990      -10.5994110       2.13768125    
  -3.51237845       10.7100582       5.27678776    
   2.00224018       7.70404434       6.71170473    
   5.16881180      -7.05505657       3.93973494    
   2.65936446       1.35313642      -8.94067574    
   2.45839357      -3.40179205      -10.2286005    
   4.08252382      -8.38786888      -3.80732560    
   5.70121109E-02  -2.02106309      -5.40791035    
  -8.49097633      -3.98410463      -9.41508484    
  -4.75672865       2.49199820       3.84550333    
 -0.687613785       10.6415701       9.30141640    
   4.66807413       8.90586376       3.55920982    
   5.23915339       4.58234453      -8.60269451    
  -3.57375550       8.08406448       8.71263790    
  -4.85054970       8.94826126      -10.3672066    
  -1.85318315       2.50768137     -0.520703435    
  -9.20304298      -1.52292466      -7.26584482    
   3.18386650      -10.3909426       7.14256287    
  -9.92087746       7.77286148     -0.986414671    
   1.34720886      -5.02660942      -6.56646538    
  -1.39611161       1.58379173      -9.45041466    
   3.50725985       2.06482792      -8.03009510    
   10.2654648      -2.71840167       7.53790712    
   9.71568584      0.954336762      -8.02578354    
   8.07796669      0.689208686      -9.89955807    
  -6.67305470       4.42602444       8.33766174    
  -7.10807228       5.68460321      -2.22952700    
   8.13968468     -0.478538573      -6.84980297    
   6.22946405       4.59148026      -6.10395432    
   4.51108646       3.76500154      -6.98941231    
  -10.2252655      -2.49971342      -5.97242229E-02
  -5.98950529       3.42009616       4.22242355    
   8.15509510      -1.32497525      -10.1275415    
   10.4566031      -10.3752375       6.33286047    
   7.54670095       3.62784362       7.54591513    
  -10.7138777      -5.87387180      -6.47061729    
   1.78569376       6.30950975      -7.16162252    
  -3.29885364      -2.14946198       8.46206093    
  -7.34319496      -9.99105835       6.10672665    
   8.88197994      -4.16930151       2.51166606    
  -2.27728558      -5.62478638      -1.38463390    
  -2.67271709      -6.17996645       2.14897156    
   7.81391048      -6.54506636       2.78208756    
   4.03725147      -8.84402847      -7.78896236    
   8.53128529       2.08468843       3.96094394    
   9.31893539       9.41240025       7.67333031    
  -8.49964428      -9.71139240       9.19533443    
  -6.70274019       5.72034502      -8.11625671    
   1.94666755       9.15244865      0.851621985    
   8.67893028      -8.72535038       8.51650047    
  -4.45243931       7.43983316       1.03753388    
  -3.04282379      0.381126016       5.52057076    
   10.0726213       8.58885765      -9.60418320    
   3.70779681       1.51322424       9.22980404    
  -8.90822315       5.48571873       5.16613913    
  -9.21714878     -0.793393791     -0.661645830    
 -0.896312773      -6.75984573      -4.44010544    
   1.59322500      -5.16495657       4.88057518    
   5.39386177       6.29428768      -4.69620848    
  -2.67605567       5.81910801       4.81153488    
  -7.95879793       4.83697367       2.15403748    
  -2.39903259       1.31021786      -1.51159465    
   3.09504104      -9.96576214      -9.79921913    
  -3.22126842     -0.398966640       1.46123433    
   1.53387451       9.80123234      -8.93505287    
  -9.87037659      -9.54362679      -5.81207991    
   5.26227140      0.789894521       6.64790344    
  -4.25893974       2.26080108      -4.60417128    
 -0.547517598      -3.08220720      0.175663099    
   4.29739857      -3.91174316      -2.01962614    
   7.53530169       5.78750944       8.34581089    
  0.960480154       1.00217366      -5.05083084    
   4.63013029      -4.78415155      -10.4824190    
 -0.980896711      -9.62332249      -3.82717586    
  -1.47762907       2.57403064       10.0692768    
  -9.59888554      -5.68813229      -1.40040708    
  -2.19053650      -7.43331766       3.19516039    
   10.3334970      -10.3223085       4.88213444    
   6.00480318      -4.92386246      -10.0651398    
   2.47572684      -8.22115231       5.03094101    
  -3.96188378     -0.536435485       2.31435490    
  -6.81995153       1.29739308       2.23370171    
  -7.80117046E-03   1.64193261      -1.47944605    
  -5.69397640      0.574578345     -0.121578835    
  0.420050979       8.03582954      -8.07175541    
  -3.77176261      -7.59041595       6.71107435    
  -3.53594255       2.73058558       7.93774319    
  -3.42445445      -8.13693142       3.64552116    
   8.00170135       7.40119219      -2.98782778    
   3.12949061       9.37944698      -7.43884850    
  -3.46545839      -4.04637432      -4.78908777    
  -7.38217402       5.20697880      -10.4238024    
   10.5494184      -3.38817239       10.0780954    
  -2.68530154       5.46636820      -7.05325985    
  -2.12880397       8.54430422E-02  -8.95282841    
   3.63091254       7.38061237       2.87534332    
   3.77895379      -3.02729082      -1.49026752    
  -6.09569454       8.64356831E-02  -2.62625933    
  -1.26036739      -3.30348563      -4.09702444    
   8.49045849       3.63267183      -9.89964294    
  -7.95267630       8.12380123       6.28496218    
   1.77701294       3.76609707       6.76352119    
  -6.49639511       1.20159221      -8.39839077    
   7.86426306      -2.06546116       9.79872704    
  -6.24187279       2.44556355      -3.59421182    
  -3.92735720      -4.66107798      -1.17870235    
  -3.90718198      0.699956954       7.68780518    
   5.78164101       1.25938118       1.23021054    
  -8.76850891       7.71466303       4.35007668    
   6.65701580       8.73840046       7.02291918    
   6.00490570       1.19046891      -7.37847281    
   2.71110892      -2.27563167      -10.7201643    
  -10.4508247      -3.80996728       3.51137805    
  -2.16346049       7.28369045       3.49328971    
  -7.43557501       2.21659064       4.17536497    
  -10.4266148       7.47520494      -7.90181780    
 -0.731124401      -3.40001988      -10.7575397    
 -0.308981568       3.43973589      -9.91049576    
  -1.58319330      -10.4012766      -9.74256420    
   9.97085190     -0.914783895      -3.17372036    
  -2.09729362      -5.60066271      -7.12031031    
   8.13116169      -8.71925735      -9.40253448    
   7.57276773      -6.67106915       9.29667664    
   4.01923895       10.5023985      -9.85789013    
  -1.09175038      -8.14700222      -10.1188602    
  -1.13752759       5.95498991      -4.81369734    
  -7.45352459       6.95254326      -8.01046276    
  -4.74612284      -7.05903721      0.877863467    
  -2.79237986      -3.71522570      -7.78878117    
  -2.97139597      -6.29524565       3.90073800    
   7.35656786      -6.34843349       5.91517878    
  -9.26101208       8.15861225      -10.2517900    
   5.01545429      -10.3946800      -8.23792553    
  -7.71898413      -8.34172058      -1.22432661    
   2.98122334      -1.30475128      -1.08513582    
  -5.73765230       7.07351971       2.08645296    
  -10.7676010      -5.78162289      -2.06566525    
  -9.48176384      -6.99873638      -3.66139174    
  0.555096626       9.52943993      0.237133756    
   9.83788490      -7.82298946      -8.52933598    
  -6.80093098       10.7355833      -6.92248774    
  -3.44334030      -2.46180296       3.49030155E-03
   8.64664650       9.65835285       6.60750914    
   9.58984375      -7.59005770E-02   6.11282921    
