 NUMERO DE PARTICULAS
         216
 CONCENTRACION REDUCIDA
  0.899999976    
 NUMERO DE CICLOS
      100000
 MONITOREO EN PANTALLA (CADA CAUNTOS CICLOS)
        1000
 NUMERO DE PASOS PARA GUARDAR CONFIGURACION
         100
 FRECUENCIA DE CORRECCION EN DESPLAZAMIENTO
         100
 =============================================================================
 LONGITUD DE LA CELDA:   6.21446514    
 TOTAL DE PARTICULAS COLOCADAS EN LA CELDA:         216
 CONFIGURACION INICIAL LISTA
 ENERGIA DE LA CONFIGURACION INICIAL:   0.00000000    
 =============================================================================
 |CONFIG||ENERGIA PARTICULA||RATIO||DR|
        1000   0.00000000      0.400231481       5.98736815E-02
        2000   0.00000000      0.501759231       5.34976386E-02
        3000   0.00000000      0.510833323       5.28322384E-02
        4000   0.00000000      0.524953723       5.21751158E-02
        5000   0.00000000      0.479722232       5.15261628E-02
        6000   0.00000000      0.483148158       5.08852825E-02
        7000   0.00000000      0.539722204       5.02523705E-02
        8000   0.00000000      0.492731482       4.96273376E-02
        9000   0.00000000      0.482268512       4.90100756E-02
       10000   0.00000000      0.503148139       5.34952767E-02
       11000   0.00000000      0.502129614       5.28299101E-02
       12000   0.00000000      0.486111104       4.72039729E-02
       13000   0.00000000      0.502824068       5.15238829E-02
       14000   0.00000000      0.495879620       4.60370332E-02
       15000   0.00000000      0.503611088       5.02501577E-02
       16000   0.00000000      0.488472223       4.96251471E-02
       17000   0.00000000      0.499444455       4.90079187E-02
       18000   0.00000000      0.492685199       4.83983606E-02
       19000   0.00000000      0.510370374       5.28275743E-02
       20000   0.00000000      0.510462940       5.21705076E-02
       21000   0.00000000      0.512638867       5.15216179E-02
       22000   0.00000000      0.461851865       5.08807935E-02
       23000   0.00000000      0.499537051       5.02479412E-02
       24000   0.00000000      0.491527766       4.96229641E-02
       25000   0.00000000      0.493379623       4.90057580E-02
       26000   0.00000000      0.485787034       4.83962260E-02
       27000   0.00000000      0.499027789       4.77942824E-02
       28000   0.00000000      0.489583343       4.71998230E-02
       29000   0.00000000      0.513842583       5.15193604E-02
       30000   0.00000000      0.519861102       5.08785620E-02
       31000   0.00000000      0.495000005       5.02457358E-02
       32000   0.00000000      0.486620367       4.96207811E-02
       33000   0.00000000      0.492546290       4.90035973E-02
       34000   0.00000000      0.507916689       5.34882136E-02
       35000   0.00000000      0.496018529       4.77921776E-02
       36000   0.00000000      0.513472199       5.21659218E-02
       37000   0.00000000      0.512824059       5.15170880E-02
       38000   0.00000000      0.504722238       5.08763157E-02
       39000   0.00000000      0.495740741       5.02435230E-02
       40000   0.00000000      0.484953701       4.96185981E-02
       41000   0.00000000      0.504490733       5.41594848E-02
       42000   0.00000000      0.509953678       5.34858517E-02
       43000   0.00000000      0.505277753       5.28206006E-02
       44000   0.00000000      0.516250014       5.21636158E-02
       45000   0.00000000      0.490509272       5.15148044E-02
       46000   0.00000000      0.514861107       5.08740582E-02
       47000   0.00000000      0.489722222       5.02412915E-02
       48000   0.00000000      0.488657415       4.96163890E-02
       49000   0.00000000      0.486064821       4.89992611E-02
       50000   0.00000000      0.487962961       4.83898036E-02
       51000   0.00000000      0.497361124       4.77879345E-02
       52000   0.00000000      0.490324080       4.71935533E-02
       53000   0.00000000      0.498611122       4.66065668E-02
       54000   0.00000000      0.520648122       5.08718044E-02
       55000   0.00000000      0.500416696       5.02390638E-02
       56000   0.00000000      0.487962961       4.96141948E-02
       57000   0.00000000      0.491157413       4.89970967E-02
       58000   0.00000000      0.487361103       4.83876728E-02
       59000   0.00000000      0.500555575       5.28159142E-02
       60000   0.00000000      0.489027768       4.71914709E-02
       61000   0.00000000      0.502268493       5.15102409E-02
       62000   0.00000000      0.484907418       5.08695543E-02
       63000   0.00000000      0.489074081       5.02368398E-02
       64000   0.00000000      0.536018491       4.96120006E-02
       65000   0.00000000      0.488750011       4.89949323E-02
       66000   0.00000000      0.502037048       4.83855307E-02
       67000   0.00000000      0.508240759       5.28135747E-02
       68000   0.00000000      0.476388901       5.21566793E-02
       69000   0.00000000      0.500000000       4.66024429E-02
       70000   0.00000000      0.508194447       5.08673079E-02
       71000   0.00000000      0.474027783       5.02346233E-02
       72000   0.00000000      0.481249988       4.96098064E-02
       73000   0.00000000      0.515972197       4.89927642E-02
       74000   0.00000000      0.490879625       4.83833961E-02
       75000   0.00000000      0.515694439       5.28112464E-02
       76000   0.00000000      0.493981481       5.21543808E-02
       77000   0.00000000      0.516157389       5.15056923E-02
       78000   0.00000000      0.480462968       5.08650616E-02
       79000   0.00000000      0.526018500       5.02324030E-02
       80000   0.00000000      0.493287027       4.96076122E-02
       81000   0.00000000      0.521250010       4.89905924E-02
       82000   0.00000000      0.486759245       4.83812504E-02
       83000   0.00000000      0.499120384       4.77794893E-02
       84000   0.00000000      0.477083325       5.21520711E-02
       85000   0.00000000      0.524907410       5.15034087E-02
       86000   0.00000000      0.496712953       5.08628115E-02
       87000   0.00000000      0.476990730       5.02301827E-02
       88000   0.00000000      0.490370363       4.96054254E-02
       89000   0.00000000      0.486435175       4.89884391E-02
       90000   0.00000000      0.529999971       4.83791269E-02
       91000   0.00000000      0.511712968       5.28065898E-02
       92000   0.00000000      0.499537051       4.71831374E-02
       93000   0.00000000      0.524999976       5.15011437E-02
       94000   0.00000000      0.506527781       5.08605689E-02
       95000   0.00000000      0.485648155       5.02279699E-02
       96000   0.00000000      0.504814804       4.96032387E-02
       97000   0.00000000      0.509490728       5.41427247E-02
       98000   0.00000000      0.502546310       5.34693003E-02
       99000   0.00000000      0.509305537       5.28042465E-02
      100000   0.00000000      0.504305542       5.21474704E-02
 DONE ALL CONFIGURATIONS
 DONE SAVING CONFIG FINAL
 CLEAR MEMORY
   0.00000000       4.29174328       7.06730890    
 GDR DONE, SAVE
 GDR DONE CALC
 DONE
447.49user 0.70system 7:31.99elapsed 99%CPU (0avgtext+0avgdata 4916maxresident)k
0inputs+6056outputs (0major+735minor)pagefaults 0swaps
