 NUMERO DE PARTICULAS
         216
 CONCENTRACION REDUCIDA
  0.699999988    
 NUMERO DE CICLOS
      100000
 MONITOREO EN PANTALLA (CADA CAUNTOS CICLOS)
        1000
 NUMERO DE PASOS PARA GUARDAR CONFIGURACION
         100
 FRECUENCIA DE CORRECCION EN DESPLAZAMIENTO
         100
 =============================================================================
 LONGITUD DE LA CELDA:   6.75748777    
 TOTAL DE PARTICULAS COLOCADAS EN LA CELDA:         216
 CONFIGURACION INICIAL LISTA
 ENERGIA DE LA CONFIGURACION INICIAL:   0.00000000    
 =============================================================================
 |CONFIG||ENERGIA PARTICULA||RATIO||DR|
        1000   0.00000000      0.518240750      0.109151594    
        2000   0.00000000      0.509675920      0.107793972    
        3000   0.00000000      0.518842578      0.106453240    
        4000   0.00000000      0.494305551      0.105129182    
        5000   0.00000000      0.518842578      0.103821591    
        6000   0.00000000      0.494259268      0.102530256    
        7000   0.00000000      0.495694458      0.101254977    
        8000   0.00000000      0.486527771       9.99955758E-02
        9000   0.00000000      0.497777790       9.87518355E-02
       10000   0.00000000      0.459629625      0.107789196    
       11000   0.00000000      0.470833331      0.106448531    
       12000   0.00000000      0.508055568      0.105124526    
       13000   0.00000000      0.483703703      0.103816979    
       14000   0.00000000      0.501851857      0.113317877    
       15000   0.00000000      0.504629612      0.111908436    
       16000   0.00000000      0.496805549       9.99911502E-02
       17000   0.00000000      0.503472209      0.109141931    
       18000   0.00000000      0.518750012      0.107784435    
       19000   0.00000000      0.514953732      0.106443807    
       20000   0.00000000      0.519953728      0.105119862    
       21000   0.00000000      0.480416656      0.103812397    
       22000   0.00000000      0.492129624      0.102521189    
       23000   0.00000000      0.487916678      0.101246037    
       24000   0.00000000      0.512222230      0.110511661    
       25000   0.00000000      0.501296282      0.109137133    
       26000   0.00000000      0.495787024       9.75149497E-02
       27000   0.00000000      0.512268543      0.106439129    
       28000   0.00000000      0.514953732      0.105115242    
       29000   0.00000000      0.486805558      0.103807822    
       30000   0.00000000      0.480694443      0.102516659    
       31000   0.00000000      0.512453675      0.111898556    
       32000   0.00000000      0.498657405       9.99823138E-02
       33000   0.00000000      0.495277792       9.87387374E-02
       34000   0.00000000      0.504999995      0.107774906    
       35000   0.00000000      0.479583323      0.106434405    
       36000   0.00000000      0.476898134      0.105110578    
       37000   0.00000000      0.479629636      0.103803217    
       38000   0.00000000      0.492037028      0.102512114    
       39000   0.00000000      0.500092566      0.111893609    
       40000   0.00000000      0.499814808       9.99778956E-02
       41000   0.00000000      0.514166653      0.109127469    
       42000   0.00000000      0.486296296       9.75063294E-02
       43000   0.00000000      0.475092590      0.106429711    
       44000   0.00000000      0.502731502      0.116169728    
       45000   0.00000000      0.478148162      0.103798650    
       46000   0.00000000      0.486481488      0.102507614    
       47000   0.00000000      0.502453685      0.111888692    
       48000   0.00000000      0.499583334       9.99734998E-02
       49000   0.00000000      0.489861101       9.87300426E-02
       50000   0.00000000      0.506527781      0.107765399    
       51000   0.00000000      0.508287013      0.106425032    
       52000   0.00000000      0.505555570      0.105101325    
       53000   0.00000000      0.480092585      0.103794076    
       54000   0.00000000      0.519166648      0.102503084    
       55000   0.00000000      0.487407416      0.101228163    
       56000   0.00000000      0.493981481       9.99690890E-02
       57000   0.00000000      0.496990740       9.87256840E-02
       58000   0.00000000      0.501990736      0.107760653    
       59000   0.00000000      0.518425941      0.106420338    
       60000   0.00000000      0.490046293      0.105096690    
       61000   0.00000000      0.520324051      0.103789501    
       62000   0.00000000      0.478981495      0.102498583    
       63000   0.00000000      0.509814799      0.111878835    
       64000   0.00000000      0.507499993      0.110487290    
       65000   0.00000000      0.500694454      0.109113060    
       66000   0.00000000      0.502962947      0.107755929    
       67000   0.00000000      0.473749995      0.106415674    
       68000   0.00000000      0.484814823      0.105092086    
       69000   0.00000000      0.490370363      0.103784949    
       70000   0.00000000      0.520787060      0.102494083    
       71000   0.00000000      0.491759270      0.101219274    
       72000   0.00000000      0.502268493      0.110482447    
       73000   0.00000000      0.495694458       9.87170115E-02
       74000   0.00000000      0.501527786      0.107751191    
       75000   0.00000000      0.507592618      0.106411003    
       76000   0.00000000      0.522638917      0.105087467    
       77000   0.00000000      0.501805544      0.114704631    
       78000   0.00000000      0.487268507      0.102489576    
       79000   0.00000000      0.497962952      0.101214819    
       80000   0.00000000      0.508842587      0.110477589    
       81000   0.00000000      0.496666670       9.87126604E-02
       82000   0.00000000      0.502638876      0.107746445    
       83000   0.00000000      0.508611083      0.106406301    
       84000   0.00000000      0.503240764      0.116144180    
       85000   0.00000000      0.495046288      0.103775822    
       86000   0.00000000      0.493240744      0.102485068    
       87000   0.00000000      0.490324080      0.101210363    
       88000   0.00000000      0.510231495      0.110472731    
       89000   0.00000000      0.488750011       9.87083316E-02
       90000   0.00000000      0.504166663      0.107741714    
       91000   0.00000000      0.521064818      0.106401622    
       92000   0.00000000      0.521342576      0.105078205    
       93000   0.00000000      0.531805575      0.103771247    
       94000   0.00000000      0.500046313      0.113267966    
       95000   0.00000000      0.489768505      0.101205885    
       96000   0.00000000      0.501296282      0.110467851    
       97000   0.00000000      0.508287013      0.109093852    
       98000   0.00000000      0.503287017      0.107736953    
       99000   0.00000000      0.513194442      0.106396928    
      100000   0.00000000      0.486805558      0.105073556    
 DONE ALL CONFIGURATIONS
 DONE SAVING CONFIG FINAL
 CLEAR MEMORY
   0.00000000       2.89262819       4.18061066    
 GDR DONE, SAVE
 GDR DONE CALC
 DONE
451.26user 0.31system 7:36.26elapsed 98%CPU (0avgtext+0avgdata 5032maxresident)k
0inputs+6056outputs (0major+740minor)pagefaults 0swaps
