  0.340349734       4.00189543      -1.98202217    
  0.378280997      0.467165828       3.29323888    
  -1.42387772      -3.96198010      -4.03736734    
  -1.53853178       4.14913130       4.26579428    
  -2.41654086       4.44351673      -3.86200404    
  -1.21071506       3.31414914      -2.28007770    
   2.95384288      -3.97808909       1.73178923    
 -0.865020514     -0.622266769      -4.55703878    
   1.55120516       1.11179030      -3.01818848    
   2.07149076       4.06505871       3.56578135    
  -3.78679109      0.854001880       3.53874230    
   2.18348145      -2.08055162      -2.14456677    
  -1.07837713     -0.323761225      0.794815838    
   3.67703629       3.28995609       1.40328372    
  -3.04310918       2.38576245      -1.14796221    
   4.14050674      -3.04325724      -2.36245370    
  -1.74410760     -0.615157902       2.47516942    
  -1.22680736       2.02453041      -1.56531680    
   4.32715321     -0.741084576       1.77931261    
   4.16542578       3.67083263      -3.73424220    
   4.03141975      -2.01718926       4.72563553    
  -1.60955429      -1.83193743       2.07803392    
  -3.03881288       1.63517189      -1.87091899    
   2.70576096     -0.524706721     -0.379749298    
  -2.57079697      0.215081081      0.907808900    
  -1.48182940      -2.42931080      -3.63098717    
   3.21770287      0.885869741       2.95278788    
  -1.26556671       3.40646100      -4.48412466    
  -4.19097328      -2.03184915       3.82488751    
  -4.41069889      -3.33564997       2.11252499    
  -2.06915438E-02   4.56239843       3.80084300    
  -4.69166660      -1.03405631       4.16945267    
   3.08901215       3.38569164      -1.71284354    
 -0.122820377      -2.91711831      0.738992333    
  -1.40466654      -2.09715605     -0.229548961    
  -1.89257145       2.37755799      -3.49550962    
  0.817278743       2.21708632      -1.84275174    
   4.67569876      -1.61169851      -2.94203711    
   2.02812409       1.03950000      -1.26358104    
   2.22667718      0.194506168       2.50063801    
 -0.457276821      -2.35561419      -1.51298344    
   4.68546152       1.85344493      -1.14011288    
   1.15488851     -0.985359669      -4.07235432    
   4.64182854      -2.73794222      0.874370694    
   3.35025120       4.66437578       3.14557815    
  -1.11264491      0.258321136       2.72489524    
  -2.26734471       3.79116511     -0.971454799    
   2.78652334       2.20034266       2.88231492    
   1.48526251       2.18900776       2.01361179    
   3.63615990      -4.11523104      -3.46461487    
   2.71548510      -4.11346436      0.200064912    
   4.19822502       4.67008162     -0.454016209    
  -4.18740892      -1.93252969      0.587158442    
   1.16227508     -0.867428422      -2.11718678    
   4.65587330       1.77044034      -4.35989141    
   9.22542363E-02 -0.271798819      -3.27301264    
   2.31805396      -4.30509472      -1.84130180    
  -1.35070944       1.56329155       2.59687638    
  -3.31946611      0.485609472       2.57121944    
  -2.32683611       3.67732596      0.209827662    
  -4.47665215       2.40799093       3.49758768    
  0.141187504     -0.317414880      0.599157453    
   3.98512053       2.90617800      -1.61499095    
  -1.86018157      0.453969002       1.83276486    
   1.28549838       2.22232294       4.60183668    
   1.48828459      -2.60519242       2.36450005    
  0.636700511      -4.31210756       2.35102010    
  -4.41613770      -2.32241201      -3.55675697    
   2.94877076       2.29338241      -2.83509278    
   3.52333999       1.79351139      -1.27421021    
   2.26704025       4.23966694      -3.17502284    
   2.30782127       4.53223085       1.42754912    
   4.67118406       4.41039753      0.442703575    
  -3.13682365      -2.14252305     -0.634930074    
  0.899851203       3.24476576     -0.727082670    
   1.46052778      -3.05077839       1.38202953    
  -3.44936347       1.96951711       2.94188046    
   2.78988457       4.25880480      -4.29986477    
  -4.29026413      -4.19738531       3.68144226    
  -2.53808498      -1.08133364      -3.86295891    
   3.57707095      -2.99239182      0.104588062    
  -4.37691116      -3.19951248       3.99479890    
  -3.11928177      -2.86303401       3.42769599    
   2.18134069       1.47421861      0.198300004    
  -3.12074232       2.67384267      -3.53329110    
   1.03700304      -1.17394948       3.05025578    
   3.75907469       4.07349110       4.20517874    
   1.53959036     -0.436156929     -0.864791751    
  0.244110271      -1.86659169      -2.29539132    
  -1.37959504       1.24436045      -2.98266959    
   1.79802513       2.89058375      -3.20851731    
  -2.04982257       1.62428582       1.11604857    
  -2.72155833      0.204312056      -1.36886227    
  -2.50858998      -2.72064042       4.70151949    
   2.25594544      -1.19822168       2.18363476    
 -0.711231828       2.94595098       2.28054786    
  -1.54920149      0.713144422      0.262943685    
   4.15334892      -1.82520962       3.22776484    
  -3.74402976      -4.52673531      -4.53064251    
   1.51126361      -1.85113358      -3.15413475    
   3.20190668      0.688313603       1.45227408    
  -2.05607128      -1.31849301      -4.73940325    
   1.39696383       4.50605536       2.72913313    
   1.77545476      -1.93986893      -4.72744894    
  -4.42059708      -8.60173106E-02  -4.46055889    
  -1.89693856       1.35981894      -4.45437813    
   4.38135386       1.42705488       1.03105640    
  -2.85478687       3.65242195       4.58850479    
  0.753063977       1.32171226       1.85218072    
   3.68754578     -0.324332476     -0.410514623    
  -1.59440470      -2.77783155      -1.59382188    
  0.401888728      -2.44221139       1.46912122    
   2.31379485       3.27108169      -3.98369431    
  0.936863899       3.85932899       3.69129634    
   3.37301421       3.36567116     -0.211678281    
   1.15431869      -3.21022224      0.319614172    
  -3.81922126       2.92655993      0.730494499    
  -3.55298281     -0.571037054      -1.66152143    
  0.300277203      0.451728165       4.30938244    
 -0.495797634      -4.48004770      -1.46891487    
  -1.74476969       3.51968455      -3.15437269    
   4.07282257      -1.95308685      -2.02337265    
  -2.11349511      -4.53446388       3.98291421    
   4.36142540       2.39082909      0.593457699    
  -2.65635371      -4.09618711       2.51150656    
  -1.16783118     -0.603550792       3.79109931    
  0.384512991       1.44817626      -2.36252165    
   3.61562943       4.13464594      -1.28185153    
   3.99889946      -1.05203605      -3.87171340    
  0.912758350      -4.36852312      -3.73033023    
 -0.433420599       4.48884296      0.822031260    
  -6.84638768E-02  -3.09760571       2.78022122    
  -2.96783638       4.31754971       3.32766223    
  -3.21191049     -0.593635082      0.916735768    
  -2.58400321      -1.62501884       2.28927135    
 -0.267115355      -1.70808887       2.65940022    
   3.75532818      0.811155081       3.79561901    
   2.94735813      0.604167342      -4.22358751    
  -4.35517979       2.10135102       2.00441313    
  -4.11764336      -3.32720137      -2.82035613    
  -1.41582084       3.91976881       1.00370753    
   1.30101109      -4.17481995      -1.11921906    
   3.48006344     -0.647879541      0.662686825    
  -2.02704978      -4.68190384      -1.52568388    
   4.70395851       4.24785185       2.58561158    
   4.56518984      -4.06934929      -2.32503676    
   1.22576058       3.48232198      -3.97009897    
  -4.43191957      -3.05241585      -3.31423581E-02
   1.32038617      -3.55703688       3.18515921    
   1.61021495      -4.02836084       1.78713679    
   2.22953463     -0.917280793       3.91155243    
  0.391990423       2.26750898       1.30979586    
   3.44049382      -1.54126477       1.74535513    
   2.91078687      -1.81248772      0.823334098    
   1.06643724      -3.58719778      -2.12815928    
  -1.68362391       2.69027066       3.49474049    
  -1.26870787       2.38792109       4.53159904    
 -0.783115387      -1.39343143       1.61306119    
 -0.152239144       2.95192957      0.701309502    
  -2.31088328      -4.24816370       1.04342389    
   1.70745575       3.36592340       4.58155107    
 -0.994059920      -3.04279828      0.144393355    
   3.00135088      -2.58057618       4.65750122    
   2.14542031      -2.99365711     -0.437257290    
  -3.05043310E-02   4.59391165      -3.21807575    
   4.66792870       3.73086333     -0.396551043    
  -4.06365919      0.781444669       4.60257673    
   3.78896761     -0.725625038       4.37428617    
   2.76491141     -0.198233709      -2.32430005    
   1.76790309       2.15791750       3.23318553    
  -3.38990903      -1.98508632      -2.26356030    
   1.92474544      -2.74766707       4.07286310    
  -6.89838082E-02   1.25283659      -5.33180833E-02
  0.269445956      -2.43311429      -3.87698483    
  -3.16795778      -2.66669202       2.19216251    
  -4.14033556       4.09717989       1.17872870    
  -2.28002191      -2.51476669       1.46142352    
  0.827971876       2.86692786      0.314285517    
  -2.61720276      0.936491787      -8.52472782E-02
  -2.59550047      0.510922432       4.36111069    
  0.101513833      0.619890928       1.22104180    
  -1.16196203       2.99374437     -0.908211410    
  -3.99627709      -4.36797619     -0.616501272    
   1.57224965     -0.236770034       3.48859644    
   3.66669798       1.53230858       4.51515865    
   2.31854296       2.63083601      -1.29218960    
  -4.63863230      -2.51797509      -1.26354003    
   1.62168837      -2.18087673      0.602365136    
  -3.07379031       4.02456379      -3.04916692    
  -2.55640674       3.43311024      -1.88759494    
 -0.926083326       1.49124861       1.50825822    
   3.96597266      -1.74480486      0.906318426    
 -0.565407991      0.771761060      -3.46823001    
 -0.825426996       4.63498783      -4.04333591    
   2.16087401E-02  -3.37856054     -0.904504538    
   4.08045912       1.02011669      -1.69043744    
  -3.96327710       1.92769265      0.329928488    
   1.19897652      0.158377990       2.07699180    
   1.03613567       8.30030739E-02  0.974806070    
  0.157873869      -3.90662622       4.30090761    
  0.325846016       1.96426988      -4.35073471    
   3.44654012      -2.99926448      -1.03479028    
   9.53388736E-02   1.46814799       3.12320518    
  -1.26741779     -0.510609269      -3.27424574    
   4.06841564      -3.01043177       2.61105585    
   2.61881161      0.685474396      -2.78593183    
  -3.44556832      -3.66421127      -3.61280870    
 -0.547433972      -1.29405177      -1.89724588    
 -0.379401296      0.161597654      -2.46801949    
  -3.54072285     -0.751111150       4.39665556    
   2.64233303       3.11790705       2.22196293    
   3.53964305      -4.11922073       4.47618771    
 -0.996957481       4.03845596       2.38854218    
   2.96898150      -1.68657613      -1.10826588    
  -1.47826171       4.57819176     -0.355980724    
  -3.58789539       3.23190498     -0.448224187    
  -1.33686256      -4.37123966      -2.75254226    
   1.83416307       5.50220907E-03  -4.69830275    
  -2.38291097     -0.945779443       3.21972013    
  0.743394613       1.54663622      -3.53657913    
 -0.680766702       2.94968200      -3.40242958    
   2.52856469      -1.78445864       3.04659867    
   3.13051009      -1.73686600      -4.20835018    
  -2.59569621       3.03619951E-02  -2.83353186    
   1.79967809       1.13726580       1.69493246    
   4.45936823       4.40833187      -2.95868778    
  -3.72937679      0.515944719      0.196641773    
  0.742760599       2.67023134       3.60008383    
  -3.85705972     -0.655452251       2.17323375    
   1.45187843      -2.39427328      -1.51503408    
  -4.18070889       4.29615545      -2.11237526    
   4.49963808      -8.17086995E-02   2.99252129    
   4.02545261       2.20690227       3.60892296    
  -2.15106297     -0.878132582      0.728072703    
  -1.92247069       1.92326605       1.40389502E-02
  -2.84179115       2.70528698       2.51550055    
   2.57140541      -3.48592734      -2.85267210    
  0.945353389       3.66550446       1.67608714    
   2.14477682       2.70382881      0.768510222    
  -3.68819094       2.56998467      -2.06625414    
   4.08475399      -3.79278922      -1.27562213    
   3.50332761       2.32364297       1.76838028    
 -0.458921373      -1.65568948      -4.22021341    
   3.22879148     -0.347709537      -1.41342318    
   3.27905202      0.462308675      0.415499538    
  -3.55151606      -3.04884458     -0.834232926    
  -4.39852905       2.82301903       4.44383001    
  -3.77890849      -3.81841135      0.641737938    
   4.73472178E-02   3.17320895      -4.57872057    
  -4.32736063      -1.82317543       1.62386715    
  0.105274618      -1.38616085      -1.94693208E-02
  -1.19870400      -4.43533945       3.17961955    
   1.05868423       1.44603896      0.725715101    
   1.94203544       3.69680119      -9.03425515E-02
  -2.79963684      -4.21360302     -0.342175096    
   1.87021303      -3.24193811      -4.38453293    
