 -0.813282788      -6.72315645      -6.58253860    
  -3.37677741      -5.28389931       1.85686076    
   1.41359234      -6.40339756       1.66196322    
   4.72518158       4.15806675      -5.44318247    
   1.10138273     -0.189297736       6.26055431    
  -3.08450198      -1.93823719       3.69226718    
   2.51112628      -4.74337292       7.42069781E-02
  0.666660547       2.29547286       1.48211706    
   5.53857756       4.44720221       4.45286751    
  0.358292252       2.74238753      -6.16741276    
  -1.47270632       6.46530533      -1.30205929    
   2.63464499      0.803196490      -1.85361838    
  -4.96043301       6.06852627      -1.93410587    
   3.21178889      -6.78486919     -0.894020259    
  -3.85233092      0.208936334       5.14466858    
 -0.873380363      -4.03050041      -5.90170908    
   3.38830924      -4.78424978      -6.19288921    
   2.93481183       5.10128164       6.04164839    
  -5.34634638      -6.00353622      -1.12398446    
   2.88488936      -3.49178314       4.01257706    
  -4.64985657       5.90144634      -6.04347897    
  -6.65326309      -2.42356372      -5.60745621    
   1.80957699      -4.59422112       5.60305119    
  -1.24739301      -2.44603682      0.491915494    
   1.90864158       5.23575306      0.196694598    
  -2.37659717      -6.10729456     -0.153023005    
  -2.20584249      -1.68407130      -6.35232180E-02
   3.04086685     -0.929966271      0.107649148    
  -5.03039837      -6.15339375      -4.60085011    
  -2.49445997E-02   5.00116158       1.12380183    
  -2.44075584      -1.26296401       1.15209782    
   1.59388852       1.51703775       2.17873478    
  -2.76309729      -3.26572704      -4.24761820    
  -5.75515413       2.42121196      -3.74692392    
   3.94481683     -0.712099731       1.71277857    
   1.91451252       4.53579044      -6.33708620    
  -4.55589485       6.26607227      -3.41879010    
   1.00755382      -5.08441210       6.10875797    
   6.45267153       2.27952766       2.51765442    
  -1.18859553      -5.73769903       5.20277834    
 -0.739703178       5.11598253       4.86800623    
  -1.28195596       1.79763949       6.28323841    
   3.05638409      -1.93248892      -3.33015203    
  -6.45942211       4.27052736      -2.71496964    
  -6.77497864       5.90341234      -6.16865730    
  -1.22321677       3.84371996     -0.641152740    
  -6.25190258      -3.27085328      -4.21952391    
   6.28201151       2.20944786      -3.39623833    
   3.58416271       4.79422665       1.01372063    
   6.19985390      -6.34170389      0.998451591    
 -0.840133190      -4.50316000      -4.49016666    
   4.03161001       2.93370438       5.87428808    
   3.29236054      -3.29989386      -4.55129337    
   3.36541390       1.82579041      -2.93978977    
  -4.30581903      -2.28657889      -4.23595810    
   5.02801609       2.32219291       1.68534100    
 -0.162713259      -6.23253202       2.84180951    
 -0.477867365       2.54671597      -1.37776589    
   3.77198267       4.05823803      -3.55812216    
   2.18293667      -2.83916163     -0.202247053    
 -0.619334817       2.29771018      -5.29674864    
  -1.07477891      0.625556469      0.495793134    
   4.61716795      -5.73794365      -1.43572628    
  -2.40422034      -1.59241307      -1.59996653    
   5.21603203      -1.10656023      -5.90844870    
   5.42212248       4.48422283E-02  -3.93648291    
   3.44497919      -6.71354818       4.09779644    
   4.59822130       4.33638525      0.261794001    
  -3.38481021       2.32765722       3.74771237    
   5.00257492       1.16459048      -5.33717394    
   6.11029339       2.57882452      0.625224888    
   2.94865441      -5.86283255      -6.15981150    
  -2.81496191       3.41277122      0.642319977    
   3.93227816       4.50455332       4.74480724    
  0.375418723      -4.57111359      -8.29778910E-02
   1.96585107       5.66586637      -5.64457321    
  -2.70654345      -4.99693394       6.34513378    
   4.86605501       4.13176394      -1.86258221    
   1.55396152      -2.50840712       3.33285713    
  -1.92596984       5.42832518       6.59995937    
  -6.45517445       1.29184425     -0.597263932    
   3.62064099      0.465853065      -2.85244417    
   2.82886314     -0.487833202       1.01890218    
 -0.391731203      -5.32166481       5.84855700    
   2.27940083      -5.33574295      -1.20377386    
   5.31572580      -2.74775457       5.69252157    
  -5.57210684       1.60755098       2.08989429    
   5.29983187     -0.953822494       6.14878845    
   5.89073086      -3.61654663     -0.301948190    
  -2.44017935     -0.333404094      -4.91052771    
   5.87676764      -2.32361794      -1.22053087    
   6.00967407       6.41656733      -5.04528856    
   2.10558748      -4.71219540       3.88032055    
  -4.72578287      -3.13327527      -5.70948982    
   4.84070110       5.56594324      -2.13170886    
   3.82107759       2.41258693      -6.41274261    
   1.95243585      -6.62127304      -6.05611753    
  -3.13519144       1.69025314      -1.16048574    
  0.187880158      -3.05739689       3.03580308    
   6.67543745      -2.97513986       3.85090375    
   5.97090721      -1.81604517       5.04562855    
 -0.388046920     -0.644150615      0.533785522    
   4.30870247      -2.65054345      -1.66463292    
  0.550821900       1.15927351      -3.33180833    
   5.77750921      -2.28718090      -2.27488971    
   1.62217677      -4.46857977      -5.85023451    
  -2.68178964       5.56933022       3.95777869    
  -5.23042440       2.39124441       3.69905853    
  0.894531965       3.88151979      -6.28651905    
   3.18489480       2.56578588      -1.41117048    
  -4.14246511       2.82150865       1.25361288    
   3.40526676       1.51716816       4.93452930    
  -3.50357223       5.23294497       6.78330994    
  0.197269589       4.89846754       5.19254398    
  -1.80402887      -9.53016952E-02   2.83686638    
  -1.59777617      -6.64719915       4.24483395    
  -5.28644562      -2.60052538      -2.00987172    
  -2.95688057       5.11496067      -1.91916251    
   3.19519281      -5.68012285      -3.40552044    
  -3.61579585       6.17863464      -4.43001556    
  -1.10391712       6.04311562      -5.67958498    
   2.12806296       1.96185327       4.26421833    
   4.27466774      0.568008840      0.388480157    
  -3.61113644      -1.11594093     -0.806781232    
   5.59910011      0.958794415       3.45843339    
 -0.826947987       3.03407073       3.67956257    
   5.96380329       5.23527193       2.47901058    
   5.05131483      -3.84662080       5.56723785    
  -2.16273499       3.40301442      -6.27057886    
   1.44863999       1.07234406       4.46706343    
   5.47478390      -5.09479189       6.55147362    
  -5.47152805      -1.31340265      -4.11630058    
   1.46426499       3.50475287      -4.89801359    
   3.27310276      -2.34811258      -1.06989384    
   7.08453506E-02  -4.11636114      -2.37342739    
  -3.48581243     -0.916633844      -6.64138651    
   1.64306426      -4.31994724       1.99735975    
   2.13777208      -3.14312029      -1.80910349    
   3.51110435      -5.16718864       1.52987349    
 -0.741763771       4.91871357     -0.876785338    
  -5.68597651       6.03117895      0.634816647    
   4.98028708       1.24589503       1.91026366    
 -0.492398947       5.18786526      -6.52640057    
   5.00644207      -6.70094538      -5.67174482    
   2.33065367       9.83368754E-02  -2.77127337    
   1.92882133      0.496040583     -0.322302639    
  -1.89460671      -2.35780025       3.14655089    
   3.22886324       6.39389229      -6.28392839    
   1.63180542      -4.13167000      -4.77710152    
   4.23356438       3.56604028       3.09315562    
  -1.55164289       9.82047170E-02 -0.630972147    
  -4.60823917       1.71104062      -2.41364551    
   3.49410963      -1.90073788       2.22041464    
   5.37404871      -4.71792316      0.801370800    
   2.63006115      -2.64805984       2.21431684    
  -4.45796347       5.00062513       1.36029792    
  -4.70367336       3.24988985      -7.49444962E-02
   5.98314905      -5.88151836       3.95542717    
  -3.18341032E-02  -5.47386789       1.62950110    
  -2.74921751       1.20774388      -4.86531973    
   5.90598202       4.47858715      -1.98722708    
   2.63889003      -1.25706244       2.96770716    
  -5.51839542      -6.50883484       2.56037807    
  0.141312987      -2.68336248       5.19115114    
  -4.38112545      0.745026827       3.83473563    
  -1.06459296      -3.93516016     -0.422615349    
   2.66216850      -2.79806852E-02  -6.44077158    
  -6.54077721       6.29820299       6.08680487    
  -4.99508524      0.157003343       1.11496449    
  -1.53483033      -5.98745346     -0.826480210    
  -1.93500066      -6.80213124E-02   4.53323126    
  -2.24463964      -4.88737869      -2.39956498    
   5.56920624       6.61853552       4.72310734    
   1.01120722       2.98723340       4.56246042    
  -3.56310320      -4.98917627      -2.28517318    
  -1.19962239       4.19570541       4.83640289    
   4.35934114     -0.836815476       2.69290185    
  -4.35113001       3.36302066      -3.61531544    
   1.66940582     -0.848332644       2.05799770    
   4.20025206      -5.93687344     -0.411171883    
  -2.33167386      -2.06410241       4.88055468    
  -4.70769835      -3.59602976     -0.143200606    
  -1.12764406     -0.703084469      -5.63909388    
  0.830181956       1.96708250      -2.63042569    
  -1.43805623       4.67346239      0.666355431    
  -3.45928073      -5.34080267      -3.91717887    
   2.50141716       1.99161184      -1.88684070    
  -5.60702419      -4.67374706     -0.886542797    
   2.59334350       1.99804282       2.41458702    
  -4.60909128     -0.532238543      -1.46084166    
  -2.68992496      -3.94591165       6.91216663E-02
 -0.448171616      -6.68426037     -0.838575661    
   1.94944155       5.68401623      -2.04035878    
   1.98936534      -2.03114510       4.68414259    
   3.68384290      -2.60367346       4.36657429    
   4.95166874       1.73277140      -1.68048334    
   4.36198664      -3.47398233      -3.51729774    
  -3.06714225      -6.58209038       3.92596817    
   6.64522076      0.959472001      -3.34721851    
   5.58455276      -1.01429164       2.79391384    
  -6.44401360      0.120211542     -0.172016263    
  -3.04694700       1.33053577     -0.113621525    
  -4.93183231      -3.80497289       1.26696146    
  -5.55134916       2.15296054       1.04908133    
   6.18520164       2.08206296       4.39560127    
   2.41389251      -3.72671103      -3.56903386    
   2.47730184      -6.73549175      -2.26522326    
   6.45442057       6.52285194      -4.08172941    
   4.26638985      -2.76989841       6.18913174    
  -4.31731319       1.04464114      0.403150141    
  -4.29605198     -0.334303379      -3.19256496    
  -3.15049911       4.11746216      -2.98997331    
  -4.17386770       2.29839635       4.84171820    
   2.76603985      -4.59516144       2.73678589    
  0.605556369       3.94473004      -1.69791806    
   5.54630184       2.99202204      -5.02184343    
  0.909178913       1.73382354       5.24302387    
  -2.53767896       4.31060553       5.83898258    
  -3.60891247      -6.33348656      -3.52811241    
   4.58368158       5.70813656       6.65670013    
   1.97710776      -5.72633266       2.67009234    
  -3.71942830       3.78495789       2.96772885    
  -4.29140425      -2.67420244       1.83322835    
  0.608221352     -0.354057074     -0.676608205    
  -1.08663237      -1.96234596      -6.41562700    
   5.48420286       3.81335974       3.64422345    
  0.614018381      -2.19443130       6.07846308    
  -6.13614655      -3.02054524       5.34179688    
  -6.44305515      -3.03853774      0.773578286    
   2.76711321       3.71536970       4.97133255    
   3.01995206       1.51047564      0.262008786    
  -6.67599344      -6.13661814      -4.24675369    
  -3.58459902      -5.74416828       4.80015707    
  -1.61202699E-02   2.13609838       6.38988495    
  -5.75921822      -1.08081901      -1.66957155E-02
  -1.93759024     -0.533259928      -2.91474962    
  -5.74478245      0.379062742      -1.72383595    
 -0.944656253       2.21468616       2.35693169    
 -0.694915414     -0.339964807       1.61848557    
  -5.72046041       4.67828512       4.65734529    
   3.01785016       5.17243719       2.04234982    
  -4.80269289      -4.49837971      0.507711589    
   2.10403442       1.75709200       5.96243763    
  0.958772898      -1.75474977      -4.79430771    
  0.965477169       5.12256479     -0.271028996    
  -3.15296459      -3.05052328      -2.66975015E-02
 -0.260905534       1.50576925       2.64923072    
   5.04726219      -6.29280567      -4.28669834    
   6.64080286      -4.97536993       2.86632919    
  -2.63455629     -0.808203280      -6.10237265    
