  -10.000000000000000        1.9287498479639178E-022
  -9.8999999985098839        5.2167367389851368E-022
  -9.7999999970197678        1.3969439839466308E-021
  -9.6999999955296516        3.7035321382463238E-021
  -9.5999999940395355        9.7209855765399751E-021
  -9.4999999925494194        2.5261639597288739E-020
  -9.3999999910593033        6.4993485182926739E-020
  -9.2999999895691872        1.6555228226953334E-019
  -9.1999999880790710        4.1750105137345320E-019
  -9.0999999865889549        1.0424063056059504E-018
  -8.9999999850988388        2.5767574547250617E-018
  -8.8999999836087227        6.3061908139484260E-018
  -8.7999999821186066        1.5279802087245388E-017
  -8.6999999806284904        3.6654340133444028E-017
  -8.5999999791383743        8.7054281841368084E-017
  -8.4999999776482582        2.0469721020679982E-016
  -8.3999999761581421        4.7653056896544222E-016
  -8.2999999746680260        1.0983143607550832E-015
  -8.1999999731779099        2.5062224383666228E-015
  -8.0999999716877937        5.6619968154081265E-015
  -7.9999999701976776        1.2664168568466892E-014
  -7.8999999687075615        2.8044054315005155E-014
  -7.7999999672174454        6.1483979848740677E-014
  -7.6999999657273293        1.3345664370134452E-013
  -7.5999999642372131        2.8679757883957244E-013
  -7.4999999627470970        6.1019383824669756E-013
  -7.3999999612569809        1.2853375936377493E-012
  -7.2999999597668648        2.6805484245946143E-012
  -7.1999999582767487        5.5346117343391460E-012
  -7.0999999567866325        1.1313779671301061E-011
  -6.9999999552965164        2.2897355621595335E-011
  -6.8999999538064003        4.5879639494875832E-011
  -6.7999999523162842        9.1014737156336417E-011
  -6.6999999508261681        1.7875594600655761E-010
  -6.5999999493360519        3.4758924435157967E-010
  -6.4999999478459358        6.6915883597503343E-010
  -6.3999999463558197        1.2754080674025784E-009
  -6.2999999448657036        2.4067232722667603E-009
  -6.1999999433755875        4.4963510408206374E-009
  -6.0999999418854713        8.3167054050884343E-009
  -5.9999999403953552        1.5229985191378799E-008
  -5.8999999389052391        2.7612434521431579E-008
  -5.7999999374151230        4.9564071183097169E-008
  -5.6999999359250069        8.8081824134500657E-008
  -5.5999999344348907        1.5497537047175065E-007
  -5.4999999329447746        2.6995794989778403E-007
  -5.3999999314546585        4.6557174390725585E-007
  -5.2999999299645424        7.9493965660685937E-007
  -5.1999999284744263        1.3438127774397198E-006
  -5.0999999269843102        2.2490568045359967E-006
  -4.9999999254941940        3.7266545603654072E-006
  -4.8999999240040779        6.1135702429423670E-006
  -4.7999999225139618        9.9295079989618991E-006
  -4.6999999210238457        1.5966789824483169E-005
  -4.5999999195337296        2.5419355925040964E-005
  -4.4999999180436134        4.0065312169185152E-005
  -4.3999999165534973        6.2521526730507904E-005
  -4.2999999150633812        9.6593449000757325E-005
  -4.1999999135732651        1.4774841386355802E-004
  -4.0999999120831490        2.2374587437183914E-004
  -3.9999999105930328        3.3546274787331674E-004
  -3.8999999091029167        4.9795559802781489E-004
  -3.7999999076128006        7.3180267579538334E-004
  -3.6999999061226845        1.0647666065103452E-003
  -3.5999999046325684        1.5338112059166535E-003
  -3.4999999031424522        2.1874918597455900E-003
  -3.3999999016523361        3.0887164410479400E-003
  -3.2999999001622200        4.3178414302090405E-003
  -3.1999998986721039        5.9760248327272759E-003
  -3.0999998971819878        8.1887036244069327E-003
  -2.9999998956918716        1.1109000014518701E-002
  -2.8999998942017555        1.4920790646988079E-002
  -2.7999998927116394        1.9841100704782944E-002
  -2.6999998912215233        2.6121417525826571E-002
  -2.5999998897314072        3.4047464495949337E-002
  -2.4999998882412910        4.3936945899246301E-002
  -2.3999998867511749        5.6134778091405685E-002
  -2.2999998852610588        7.1005372477920936E-002
  -2.1999998837709427        8.8921640196995347E-002
  -2.0999998822808266       0.11025055255954930     
  -1.9999998807907104       0.13533531550306152     
  -1.8999998793005943       0.16447449429589941     
  -1.7999998778104782       0.19789874260968335     
  -1.6999998763203621       0.23574612612274889     
  -1.5999998748302460       0.27803735613617436     
  -1.4999998733401299       0.32465252903901204     
  -1.3999998718500137       0.37531116618595950     
  -1.2999998703598976       0.42955743060495954     
  -1.1999998688697815       0.48675233255348910     
  -1.0999998673796654       0.54607450630234100     
 -0.99999986588954926       0.60653074105473359     
 -0.89999986439943314       0.66697689225666357     
 -0.79999986290931702       0.72614911671230242     
 -0.69999986141920090       0.78270461416933856     
 -0.59999985992908478       0.83527028160950456     
 -0.49999985843896866       0.88249696504817465     
 -0.39999985694885254       0.92311639920776889     
 -0.29999985545873642       0.95599752328741605     
 -0.19999985396862030       0.98019870193469816     
  -9.9999852478504181E-002  0.99501249387124457     
   1.4901161193847656E-007  0.99999999999998890     
  0.10000015050172806       0.99501246421756140     
  0.20000015199184418       0.98019864351030361     
  0.30000015348196030       0.95599743781457935     
  0.40000015497207642       0.92311628916372368     
  0.50000015646219254       0.88249683354588715     
  0.60000015795230865       0.83527013225155045     
  0.70000015944242477       0.78270445088444651     
  0.80000016093254089       0.72614894358487980     
  0.90000016242265701       0.66697671335954156     
   1.0000001639127731       0.60653056029451102     
   1.1000001654028893       0.54607432728519434     
   1.2000001668930054       0.48675215847731840     
   1.3000001683831215       0.42955726418147189     
   1.4000001698732376       0.37531100959396868     
   1.5000001713633537       0.32465238390805229     
   1.6000001728534698       0.27803722355766120     
   1.7000001743435860       0.23574600668448248     
   1.8000001758337021       0.19789863644855193     
   1.9000001773238182       0.16447440116320824     
   2.0000001788139343       0.13533523483695029     
   2.1000001803040504       0.11025048355939714     
   2.2000001817941666        8.8921581895443053E-002
   2.3000001832842827        7.1005323807061843E-002
   2.4000001847743988        5.6134737940697350E-002
   2.5000001862645149        4.3936913163682347E-002
   2.6000001877546310        3.4047438113927818E-002
   2.7000001892447472        2.6121396506904242E-002
   2.8000001907348633        1.9841084148084973E-002
   2.9000001922249794        1.4920777751441284E-002
   3.0000001937150955        1.1108990082302999E-002
   3.1000001952052116        8.1886960590963655E-003
   3.2000001966953278        5.9760191335485116E-003
   3.3000001981854439        4.3178371837148911E-003
   3.4000001996755600        3.0887133113180923E-003
   3.5000002011656761        2.1874895780149284E-003
   3.6000002026557922        1.5338095603166144E-003
   3.7000002041459084        1.0647654324078206E-003
   3.8000002056360245        7.3180184703790815E-004
   3.9000002071261406        4.9795501925904533E-004
   4.0000002086162567        3.3546234797079066E-004
   4.1000002101063728        2.2374560097798826E-004
   4.2000002115964890        1.4774822892734465E-004
   4.3000002130866051        9.6593325216343115E-005
   4.4000002145767212        6.2521444745945821E-005
   4.5000002160668373        4.0065258437449660E-005
   4.6000002175569534        2.5419321077495661E-005
   4.7000002190470695        1.5966767459669884E-005
   4.8000002205371857        9.9294937946967173E-006
   4.9000002220273018        6.1135613152177694E-006
   5.0000002235174179        3.7266490072214335E-006
   5.1000002250075340        2.2490533861556291E-006
   5.2000002264976501        1.3438106949067382E-006
   5.3000002279877663        7.9493840098229264E-007
   5.4000002294778824        4.6557099465141086E-007
   5.5000002309679985        2.6995750740257800E-007
   5.6000002324581146        1.5497511182890925E-007
   5.7000002339482307        8.8081674507179165E-008
   5.8000002354383469        4.9563985509953147E-008
   5.9000002369284630        2.7612385969507625E-008
   6.0000002384185791        1.5229957958066997E-008
   6.1000002399086952        8.3166902858166647E-009
   6.2000002413988113        4.4963427327225977E-009
   6.3000002428889275        2.4067187535365422E-009
   6.4000002443790436        1.2754056347570282E-009
   6.5000002458691597        6.6915753971458929E-010
   6.6000002473592758        3.4758856066043753E-010
   6.7000002488493919        1.7875558907497267E-010
   6.8000002503395081        9.1014552709884083E-011
   6.9000002518296242        4.5879545149904834E-011
   7.0000002533197403        2.2897307854038246E-011
   7.1000002548098564        1.1313755731765473E-011
   7.2000002562999725        5.5345998583633196E-012
   7.3000002577900887        2.6805425928813843E-012
   7.4000002592802048        1.2853347589934785E-012
   7.5000002607703209        6.1019247435868861E-013
   7.6000002622604370        2.8679692925052114E-013
   7.7000002637505531        1.3345633744821132E-013
   7.8000002652406693        6.1483836924404258E-014
   7.9000002667307854        2.8043988288624011E-014
   8.0000002682209015        1.2664138374771679E-014
   8.1000002697110176        5.6619831474314121E-015
   8.2000002712011337        2.5062163136915927E-015
   8.3000002726912498        1.0983116439759554E-015
   8.4000002741813660        4.7652937602263647E-016
   8.5000002756714821        2.0469669166900804E-016
   8.6000002771615982        8.7054058721549856E-017
   8.7000002786517143        3.6654245096117513E-017
   8.8000002801418304        1.5279762014421555E-017
   8.9000002816319466        6.3061740873876214E-018
   9.0000002831220627        2.5767505433321464E-018
   9.1000002846121788        1.0424034785920206E-018
   9.2000002861022949        4.1749990666491911E-019
   9.3000002875924110        1.6555182342281075E-019
   9.4000002890825272        6.4993303109239938E-020
   9.5000002905726433        2.5261568076113812E-020
   9.6000002920627594        9.7209577646165224E-021
   9.7000002935528755        3.7035214319973153E-021
   9.8000002950429916        1.3969399039993823E-021
   9.9000002965331078        5.2167213473914798E-022
   10.000000298023224        1.9287440998499234E-022
