   2.11458516       6.45115003E-02  0.281683624    
   2.82249975      -3.38347983      -1.62256742    
  -1.79916716      -3.41448975       2.74382043    
   2.52735567      -1.63594568       1.31377125    
  -3.71807957      -2.51081634     -0.140526682    
   2.30755591       2.70974660       3.06993365    
 -0.699918866       1.07038152     -0.552812874    
  -3.31373835       1.46846902     -0.817090273    
   3.03995943      -3.55756450       5.84696308E-02
  -1.88090038      -2.03473735      -2.32307887    
   3.36284280     -0.440975815      -3.66400337    
  -3.14035273      0.264499813       2.83380771    
  -1.22358680     -0.948206723       2.44896650    
 -0.236285865      -3.59695864      -3.43720651    
 -0.835761189       2.62057400      -2.53598046    
   2.18255234       3.51659942      -2.11243558    
 -0.725460947       3.24665785       3.20624042    
   2.55851150      0.910205424       3.06691289    
  -2.88583684     -0.284985900      -1.43683050E-02
   3.50135207      -2.90512776      0.827585340    
 -0.742308676       1.57071257       2.64364314    
   3.71386313       9.03631523E-02  -1.63192892    
  -2.89902568      -2.84471989      -1.39798713    
   3.65248847      -2.42058802       1.72660744    
  -3.49705219E-02  -1.49728072      -2.71384335    
  -1.91799152      -7.92191997E-02   2.15768695    
  -3.50058818       3.07420444       6.21334650E-02
  -3.50437069       3.16419792      -3.31748343    
   5.43255210E-02   2.82649589       2.49773192    
   2.64762950      -1.68460619       3.59129071    
  -2.65687346      -2.35460973      0.998304427    
  -1.69217789     -0.862661660      -2.02716351    
  -2.03285122      -2.92741418     -0.758975863    
   2.25400209     -0.713719964       2.77249312    
  -3.13598299      0.140131101       1.17690217    
  -1.84680140       2.49850178     -0.693358123    
  -1.49747467      -2.96489167       1.13612723    
   1.21423447       3.12969780       1.27535689    
  -3.56232452      -3.37462401      -2.35084987    
  -2.21671653       2.89868975      -2.57550025    
  0.769775569       2.23966575       1.98549020    
   2.76671219      0.261592269      -3.08467078    
 -0.968126833      -8.08834285E-02  -1.72839582    
   2.34690452      0.163145915      -1.44154084    
  -1.54355824      -2.45034504       3.06785989    
  -2.34433375E-02  -3.28208876      -2.21232533    
   1.43533480       1.19107008      -2.62260747    
  0.523904562       2.36670280      -3.11041498    
   1.74472594      -2.07900429      0.246941790    
   1.48660016      -3.72739935      -3.23667955    
  -2.57402611       1.43078077       2.17996359    
  -1.15967536     -0.335286081     -0.307145089    
 -0.548487544       2.47674751     -0.800364316    
 -0.256915033     -0.105805382       2.95179820    
   1.02985775       3.66937733       3.14409733    
  -3.57876825       1.74213290      -1.75821984    
   1.99545312       1.12246740     -0.257519275    
  -1.67355633      -1.05493867      -3.02900767    
  0.417392403       3.21514797      0.624055564    
   2.06360674       1.23567951       1.18991256    
   1.07702243       1.04094064       2.01814508    
  -3.07285643     -0.542097747      -3.42811131    
   4.10160832E-02  -6.25064746E-02  -1.38837624    
  -2.01494694      -1.51635492     -0.414849192    
   3.14202189       3.53133392       3.53668094    
 -0.507018983      -3.00142050       3.14804578    
   2.26382041      -3.33750510       1.63740873    
   3.50586200      -2.21722555      -1.64529455    
  -3.16447020      -1.33197856       3.14767623    
   2.31018043       2.68458319       1.13647068    
   2.02238560      -2.60346770       2.44063973    
   1.11878252       2.08101463       3.63971543    
   2.52151012       3.53351474       2.33805799    
   2.87965512      -1.40969312      -6.83587119E-02
  -2.90877676       1.66838300      -2.79477644    
   2.51329994       1.58732855      -3.41079950    
  0.273964226       1.95012152       2.93555641    
  -2.02041364     -0.803336024      0.934083521    
 -0.864455700      -2.30559468      -2.85340524    
   1.07849503      -2.47776079      -2.17647839    
  -2.26442933      -2.01359534       2.29297471    
 -0.862879336       3.23194528       1.88485254E-02
   1.26926541      -3.56026196       2.29784465    
   1.10887110      -2.38183665       2.78262973    
   1.56336212     -0.937471211      -2.29587078    
  0.262122631      -1.38144326      0.966806829    
  -1.92340016       1.23117137      -3.03353024    
  -3.16678500     -0.528456211      -1.99073374    
  -2.65157366       2.99665904       2.55803084    
  -1.63383198       1.98807704       1.25195992    
 -0.903549314      -1.41561675      0.596003354    
   3.62815547       1.05495322       3.16429305    
   3.46107078       1.45295656      0.899296880    
 -0.376126885      0.513543725       1.25756836    
   3.39554906       1.41237354      -1.76541436    
  0.317199439      -1.93960249       3.44149494    
  -3.62639046      0.419977933     -0.759032011    
   1.97828865      -2.31551266      -1.20952153    
  -1.62387013      0.775729418       3.23701501    
   2.85801673       3.50299263     -0.473624170    
   1.37741768      -2.86202025      0.918333709    
  -3.67055798       2.30465841      0.846679091    
  -1.18964684      -2.54788780       8.96383226E-02
  -2.58854890       1.60819006       1.01329291    
  -3.03759861      -3.10349965       2.37699771    
  0.493500203      -2.71909475      -2.22006142E-02
  -1.60293841       2.55124807      -3.71029615    
  0.390961796       3.66483355     -0.881502986    
   3.35233808       1.44085765     -0.672513962    
   3.23511887      -2.95668459       3.55469918    
   3.02901840       2.29977727      -2.18131828    
  0.366561443      -1.61757457       2.17549515    
  -2.38567758      -2.90095568      -2.31514621    
  0.983428538      -3.46547222       3.56708550    
  -2.28123951       2.92809892       3.57882977    
   3.18150878       2.56671381     -0.722521067    
   1.26924932      0.434494555      -1.40165031    
  -1.20227575      -3.52638412      -3.04734015    
   3.38632536     -0.614289463      0.675063968    
 -0.439987093       1.75449038       1.64318013    
  -7.75765777E-02  0.797151089      -1.88835502    
  -3.32564402      -3.21219516      -3.59430408    
   1.20018482       3.08740640      -2.03578091    
  -1.30734732E-02   1.56010318      -2.57386708    
   3.60632658     -0.528984010       1.66301501    
  0.959650040       1.38878059      -3.54196310    
   1.61601222      -3.36776996     -0.123831674    
 -0.625497818      -1.82682073      -1.42770410    
   3.39077902      -2.19490194     -0.568612278    
  -3.43116808       3.24092078       1.49243915    
   3.62405968      0.420196503      0.903125644    
   1.23300445      -2.47514534      -3.18861246    
  -3.69907141     -0.457068741       3.26644111    
   1.01697755       1.58478880      0.963892162    
  0.482728064      -5.69966398E-02  -2.39752698    
 -0.247993186     -0.578024387      0.392365277    
   2.27136660      -2.79558301      -2.88239002    
   1.39926255       4.16995361E-02   2.43402719    
  -3.25093508       1.61627352       3.24699497    
   1.78022981       2.10926247       2.27345991    
  -3.72020125       1.04978740      -3.28327274    
  -2.46736026       3.20432591      -3.68487668    
  -1.67292416       1.36432862      -1.05924499    
   3.11351395       1.05404031       2.23221087    
 -0.301908284     -0.912838638     -0.703588367    
   3.09692526     -0.550405979      -2.37021303    
   3.57226729      -1.28499627      -2.94645023    
   2.32152843      -3.60912395       3.00716448    
  0.991414130     -0.498000532       3.68686199    
 -0.538839042      -1.33657026       3.65407252    
   1.63110888      -1.36725605       1.99175346    
   3.41131353       3.10022354      -3.36522269    
   3.06500530      -2.61321473      -3.54794192    
   1.14055371      -3.67422514E-02  -3.67035270    
   1.92614746       2.94651222     -0.444861352    
   3.54210615       3.49720383      -2.12782812    
 -0.634935498      -2.33325338       1.48794913    
   2.19068789       1.52547145      -1.44542134    
  0.453942120      0.942078948       2.93179893    
  -3.37306356       3.44384646      -1.41348469    
  -2.15796018      -2.48005867      -3.58203077    
  -3.70810175      -2.54073977       3.26503038    
  -1.05289507      -2.88177347      -1.37285268    
  -1.37306273       1.54883742       5.26905395E-02
  0.672324717      -1.62933135      -1.55258238    
  -2.08558869       3.47507596      -1.22199655    
  -3.55965233      -1.18458951       2.03154230    
  -2.94476366      -3.59019017      0.739335299    
  -2.07037592       3.72796917      0.166970357    
   1.11397457     -0.966834366      0.180545762    
  0.263420522       2.30040383      0.194506675    
  -2.06615257      -3.63810968      -3.68140721    
  0.575176954      -3.31651735     -0.916383088    
   3.48253322      -1.44904363       2.31270742    
 -0.562715054       3.64408278      -2.98743320    
  -3.53859615       2.65665746      -2.22098899    
  -1.02862883      -2.99115729       2.17874527    
  -3.65778947       2.72669864       3.16214275    
   1.94224012       3.01956844      -3.38528252    
  0.241910562      0.836717069      0.149596617    
  -1.73302805      -1.14516842       3.51109624    
   3.55807066       2.63187623       2.12929106    
   3.07071805     -0.887290537      -1.38880754    
  -1.54436433       1.08508003       2.27340841    
  -1.88549447      0.394354224     -0.634603143    
  -3.71099377      0.309564203      -2.59856963    
   1.00793540     -0.798984885       1.45244539    
  -1.67229688       3.27323222       2.21615267    
  0.349459797       2.15554404      -1.13568866    
  -2.13123369      0.726601839      0.700258613    
  -2.71883750      0.532785416      -2.36370301    
  -3.46764469      -3.43840337     -0.672707975    
  -3.04650426      -1.11575472     -0.676083386    
   1.39534199      0.335388035       1.09944797    
   1.46358359      -1.37898660      -3.70145226    
 -0.198509485       1.05891752      -3.43189406    
  -2.51719427      0.365606755       3.69621062    
  -3.47347307      -2.88681793       1.45923269    
 -0.595157266      -3.28963256     -0.352193028    
  -2.47246504       2.61179876      0.123019978    
   1.78110266       1.20620978       3.69542050    
  -2.55025935      -1.53780925      -3.59248424    
  0.382720262      -3.04390526       2.56391597    
   1.16073060     -0.625103831      -1.36338246    
   2.20590496       6.31446391E-02   1.77176476    
  -1.13439536      -6.75612167E-02  -3.25250888    
   3.31757951       3.38165379       1.34313416    
  0.558071613       3.55740762      -3.44712162    
   1.91424739      -1.30063963     -0.952596962    
   1.58854544       2.34282136      -1.28401017    
   3.65774727       3.56700683       2.63817906    
   3.64015532      0.392199844     -0.260191560    
  0.139471188      -1.00074768      -3.62677503    
  -2.57008624      -3.71423793       1.66727924    
  0.214667752       2.65749335      -2.13596010    
 -0.461732268      -2.00719500       2.63464212    
  -2.34917331       2.04456067       2.95541573    
   3.69733262      -1.79593110      0.575797498    
 -0.518124342       3.31828928      -1.62899208    
  -1.62433469      0.252180755      -2.41849780    
  -3.00829887       2.33002830      -3.67393088    
   8.54397863E-02  -2.58653498      -3.28867960    
   2.51068521      -2.18625951      -2.11468053    
  -1.64885390       3.33179593       1.08628249    
  -3.73344016      -2.08626127      -1.09829021    
   3.48917961       2.48000550       3.24700928    
 -0.518197656     -0.462137729       1.90256262    
  -1.75595653      -3.66621876      -1.97425652    
   3.40080380       1.93157458      -3.07703662    
   1.18491447      0.492842793     -0.224233776    
   3.68535066      -3.69884944      -3.09311891    
 -0.869319499      0.927034557      -2.63927007    
  -3.69600081       2.04487276       2.14106536    
   3.26333451      -3.51755667       1.92308044    
  -3.31969285      -1.33390272      0.983988047    
  -1.31749737       2.33068109       2.18243933    
  -2.25340152      0.231975511      -3.36935329    
 -0.599136174      0.827714145       3.42212939    
  0.866816163      -3.67973471      0.583279192    
   3.53385425     -0.114710636       2.81299353    
  0.210243538      -3.71827102       1.50649190    
  0.931375742       1.45953500     -0.454978228    
  -3.53221941      -1.77728081      -2.10302114    
   3.70062399     -0.738674700     -0.551612973    
  -2.95711422       2.56083155     -0.770411670    
  -3.57774258      0.859963596      0.459455013    
  -1.06736124       1.84123957       3.73391962    
  0.586707592     -0.717791021       2.79403162    
  -2.45873976      -3.17394567       3.63290739    
   2.16594005       1.91354978      0.404112786    
