 NUMERO DE PARTICULAS
         250
 CONCENTRACION REDUCIDA
  0.500000000    
 NUMERO DE CICLOS
      100000
 MONITOREO EN PANTALLA (CADA CAUNTOS CICLOS)
        1000
 NUMERO DE PASOS PARA GUARDAR CONFIGURACION
         100
 FRECUENCIA DE CORRECCION EN DESPLAZAMIENTO
         100
 =============================================================================
 LONGITUD DE LA CELDA:   7.93700552    
 CONFIGURACION INICIAL LISTA
 ENERGIA DE LA CONFIGURACION INICIAL:   0.00000000    
 =============================================================================
 |CONFIG||ENERGIA PARTICULA||RATIO||DR|
        1000   0.00000000      0.609319985      0.162889376    
        2000   0.00000000      0.488840014      0.217197195    
        3000   0.00000000      0.486999989      0.214495689    
        4000   0.00000000      0.492159992      0.211827785    
        5000   0.00000000      0.498320013      0.209193081    
        6000   0.00000000      0.502520025      0.228337601    
        7000   0.00000000      0.504440010      0.225497544    
        8000   0.00000000      0.511479974      0.222692817    
        9000   0.00000000      0.490999997      0.219922990    
       10000   0.00000000      0.474839985      0.217187613    
       11000   0.00000000      0.486799985      0.214486256    
       12000   0.00000000      0.490999997      0.211818501    
       13000   0.00000000      0.503840029      0.231203273    
       14000   0.00000000      0.493239999      0.206582099    
       15000   0.00000000      0.492680013      0.204012647    
       16000   0.00000000      0.515479982      0.222683042    
       17000   0.00000000      0.490559995      0.219913349    
       18000   0.00000000      0.485599995      0.217178077    
       19000   0.00000000      0.486719996      0.214476839    
       20000   0.00000000      0.487439990      0.211809188    
       21000   0.00000000      0.502719998      0.231193095    
       22000   0.00000000      0.512239993      0.228317544    
       23000   0.00000000      0.505280018      0.225477770    
       24000   0.00000000      0.511960030      0.222673252    
       25000   0.00000000      0.479079992      0.219903648    
       26000   0.00000000      0.492119998      0.217168510    
       27000   0.00000000      0.528439999      0.214467362    
       28000   0.00000000      0.491479993      0.211799815    
       29000   0.00000000      0.497000009      0.209165469    
       30000   0.00000000      0.499680012      0.206563890    
       31000   0.00000000      0.505360007      0.225467771    
       32000   0.00000000      0.517719984      0.222663432    
       33000   0.00000000      0.483920008      0.219893947    
       34000   0.00000000      0.521759987      0.217158899    
       35000   0.00000000      0.486680001      0.214457870    
       36000   0.00000000      0.483080000      0.211790442    
       37000   0.00000000      0.499879986      0.209156200    
       38000   0.00000000      0.508800030      0.228297338    
       39000   0.00000000      0.503400028      0.225457802    
       40000   0.00000000      0.510800004      0.222653598    
       41000   0.00000000      0.518040001      0.219884247    
       42000   0.00000000      0.479000002      0.217149332    
       43000   0.00000000      0.485639989      0.214448452    
       44000   0.00000000      0.491400003      0.211781189    
       45000   0.00000000      0.502399981      0.231162533    
       46000   0.00000000      0.504599988      0.228287369    
       47000   0.00000000      0.505599976      0.225447938    
       48000   0.00000000      0.507520020      0.222643822    
       49000   0.00000000      0.518959999      0.219874591    
       50000   0.00000000      0.481720001      0.217139795    
       51000   0.00000000      0.486799985      0.214439034    
       52000   0.00000000      0.494399995      0.211771846    
       53000   0.00000000      0.504719973      0.231152326    
       54000   0.00000000      0.504119992      0.228277266    
       55000   0.00000000      0.506839991      0.225437939    
       56000   0.00000000      0.509720027      0.222633973    
       57000   0.00000000      0.513800025      0.219864860    
       58000   0.00000000      0.516799986      0.217130199    
       59000   0.00000000      0.490440011      0.214429557    
       60000   0.00000000      0.497119993      0.211762488    
       61000   0.00000000      0.502399981      0.231142119    
       62000   0.00000000      0.511520028      0.228267208    
       63000   0.00000000      0.510439992      0.225428030    
       64000   0.00000000      0.509360015      0.222624183    
       65000   0.00000000      0.515799999      0.219855204    
       66000   0.00000000      0.490119994      0.217120647    
       67000   0.00000000      0.490680009      0.214420110    
       68000   0.00000000      0.495400012      0.211753160    
       69000   0.00000000      0.506959975      0.231131941    
       70000   0.00000000      0.500800014      0.228257164    
       71000   0.00000000      0.511879981      0.225418136    
       72000   0.00000000      0.511120021      0.222614393    
       73000   0.00000000      0.512239993      0.219845533    
       74000   0.00000000      0.507279992      0.217111126    
       75000   0.00000000      0.494399995      0.214410692    
       76000   0.00000000      0.481599987      0.211743861    
       77000   0.00000000      0.493999988      0.209110215    
       78000   0.00000000      0.491360009      0.206509322    
       79000   0.00000000      0.504000008      0.225408196    
       80000   0.00000000      0.506359994      0.222604588    
       81000   0.00000000      0.523280025      0.219835863    
       82000   0.00000000      0.529959977      0.217101559    
       83000   0.00000000      0.492599994      0.214401275    
       84000   0.00000000      0.497920007      0.211734548    
       85000   0.00000000      0.496879995      0.209101006    
       86000   0.00000000      0.496479988      0.206500247    
       87000   0.00000000      0.503679991      0.225398302    
       88000   0.00000000      0.509639978      0.222594842    
       89000   0.00000000      0.509000003      0.219826192    
       90000   0.00000000      0.494040012      0.217092022    
       91000   0.00000000      0.488599986      0.214391857    
       92000   0.00000000      0.491400003      0.211725280    
       93000   0.00000000      0.501640022      0.231101498    
       94000   0.00000000      0.500559986      0.228227079    
       95000   0.00000000      0.507040024      0.225388378    
       96000   0.00000000      0.509079993      0.222585008    
       97000   0.00000000      0.512199998      0.219816491    
       98000   0.00000000      0.486999989      0.217082441    
       99000   0.00000000      0.484479994      0.214382395    
      100000   0.00000000      0.496280015      0.211715937    
 DONE ALL CONFIGURATIONS
 DONE SAVING CONFIG FINAL
 CLEAR MEMORY
   0.00000000       2.04237437       2.60407710    
 GDR DONE, SAVE
 GDR DONE CALC
 DONE
603.94user 0.60system 10:08.86elapsed 99%CPU (0avgtext+0avgdata 5048maxresident)k
0inputs+6112outputs (0major+836minor)pagefaults 0swaps
