 NUMERO DE PARTICULAS
         250
 CONCENTRACION REDUCIDA
  0.200000003    
 NUMERO DE CICLOS
      100000
 MONITOREO EN PANTALLA (CADA CAUNTOS CICLOS)
        1000
 NUMERO DE PASOS PARA GUARDAR CONFIGURACION
         100
 FRECUENCIA DE CORRECCION EN DESPLAZAMIENTO
         100
 =============================================================================
 LONGITUD DE LA CELDA:   10.7721739    
 CONFIGURACION INICIAL LISTA
 ENERGIA DE LA CONFIGURACION INICIAL:   0.00000000    
 =============================================================================
 |CONFIG||ENERGIA PARTICULA||RATIO||DR|
        1000   0.00000000      0.886479974      0.162889376    
        2000   0.00000000      0.815840006      0.265329510    
        3000   0.00000000      0.803640008      0.289611399    
        4000   0.00000000      0.790520012      0.286009252    
        5000   0.00000000      0.790880024      0.282451868    
        6000   0.00000000      0.809159994      0.278938711    
        7000   0.00000000      0.810559988      0.304466039    
        8000   0.00000000      0.792840004      0.272043049    
        9000   0.00000000      0.788839996      0.268659383    
       10000   0.00000000      0.805880010      0.293246031    
       11000   0.00000000      0.806599975      0.289598703    
       12000   0.00000000      0.788640022      0.285996675    
       13000   0.00000000      0.807039976      0.282439470    
       14000   0.00000000      0.799040020      0.278926492    
       15000   0.00000000      0.808960021      0.275457233    
       16000   0.00000000      0.798759997      0.272031128    
       17000   0.00000000      0.800759971      0.296926320    
       18000   0.00000000      0.804920018      0.293233186    
       19000   0.00000000      0.807079971      0.289585978    
       20000   0.00000000      0.812799990      0.285984129    
       21000   0.00000000      0.811600029      0.282427073    
       22000   0.00000000      0.804279983      0.308273613    
       23000   0.00000000      0.792079985      0.275445104    
       24000   0.00000000      0.798600018      0.272019178    
       25000   0.00000000      0.797479987      0.268635869    
       26000   0.00000000      0.799600005      0.265294611    
       27000   0.00000000      0.799440026      0.261994898    
       28000   0.00000000      0.813600004      0.285971642    
       29000   0.00000000      0.804679990      0.282414734    
       30000   0.00000000      0.808679998      0.278902084    
       31000   0.00000000      0.796920002      0.275433153    
       32000   0.00000000      0.800360024      0.300639719    
       33000   0.00000000      0.808399975      0.296900392    
       34000   0.00000000      0.811640024      0.293207526    
       35000   0.00000000      0.808879972      0.289560646    
       36000   0.00000000      0.787479997      0.285959154    
       37000   0.00000000      0.788439989      0.282402396    
       38000   0.00000000      0.795000017      0.278889924    
       39000   0.00000000      0.788039982      0.275421113    
       40000   0.00000000      0.799679995      0.271995455    
       41000   0.00000000      0.798439980      0.268612355    
       42000   0.00000000      0.805440009      0.293194652    
       43000   0.00000000      0.782480001      0.289547920    
       44000   0.00000000      0.809920013      0.285946548    
       45000   0.00000000      0.810239971      0.282389969    
       46000   0.00000000      0.804199994      0.308233172    
       47000   0.00000000      0.791440010      0.275408924    
       48000   0.00000000      0.801880002      0.300613195    
       49000   0.00000000      0.811119974      0.296874195    
       50000   0.00000000      0.805440009      0.293181688    
       51000   0.00000000      0.801519990      0.289535135    
       52000   0.00000000      0.808319986      0.285933882    
       53000   0.00000000      0.795360029      0.282377481    
       54000   0.00000000      0.794080019      0.278865308    
       55000   0.00000000      0.793760002      0.275396854    
       56000   0.00000000      0.792840004      0.271971494    
       57000   0.00000000      0.796440005      0.268588722    
       58000   0.00000000      0.800599992      0.293168873    
       59000   0.00000000      0.803839982      0.289522439    
       60000   0.00000000      0.788800001      0.285921395    
       61000   0.00000000      0.793760002      0.282365173    
       62000   0.00000000      0.791840017      0.278853148    
       63000   0.00000000      0.799640000      0.275384843    
       64000   0.00000000      0.797320008      0.271959662    
       65000   0.00000000      0.791040003      0.268577039    
       66000   0.00000000      0.777599990      0.293156117    
       67000   0.00000000      0.802680016      0.289509863    
       68000   0.00000000      0.814440012      0.285908908    
       69000   0.00000000      0.817920029      0.282352805    
       70000   0.00000000      0.820840001      0.278840899    
       71000   0.00000000      0.797399998      0.275372684    
       72000   0.00000000      0.808520019      0.300573647    
       73000   0.00000000      0.801720023      0.296835124    
       74000   0.00000000      0.794480026      0.265224695    
       75000   0.00000000      0.810519993      0.289496958    
       76000   0.00000000      0.788600028      0.285896242    
       77000   0.00000000      0.810519993      0.282340288    
       78000   0.00000000      0.791520000      0.278828561    
       79000   0.00000000      0.804400027      0.304345757    
       80000   0.00000000      0.800800025      0.300560296    
       81000   0.00000000      0.798479974      0.268553168    
       82000   0.00000000      0.805480003      0.293130040    
       83000   0.00000000      0.806240022      0.289484143    
       84000   0.00000000      0.803960025      0.285883576    
       85000   0.00000000      0.816720009      0.282327712    
       86000   0.00000000      0.821519971      0.278816223    
       87000   0.00000000      0.793359995      0.275348306    
       88000   0.00000000      0.802240014      0.300547034    
       89000   0.00000000      0.806680024      0.296808839    
       90000   0.00000000      0.807200015      0.293117136    
       91000   0.00000000      0.809759974      0.289471388    
       92000   0.00000000      0.789479971      0.285870939    
       93000   0.00000000      0.791079998      0.282315284    
       94000   0.00000000      0.812319994      0.278803855    
       95000   0.00000000      0.797200024      0.275336117    
       96000   0.00000000      0.795960009      0.271911502    
       97000   0.00000000      0.800000012      0.268529475    
       98000   0.00000000      0.806919992      0.293104172    
       99000   0.00000000      0.805639982      0.289458543    
      100000   0.00000000      0.795840025      0.285858244    
 DONE ALL CONFIGURATIONS
 DONE SAVING CONFIG FINAL
 CLEAR MEMORY
   0.00000000       1.31390452       1.41277528    
 GDR DONE, SAVE
 GDR DONE CALC
 DONE
595.33user 0.34system 9:56.21elapsed 99%CPU (0avgtext+0avgdata 5060maxresident)k
0inputs+6208outputs (0major+835minor)pagefaults 0swaps
