 NUMERO DE PARTICULAS
         216
 CONCENTRACION REDUCIDA
  0.990000010    
 NUMERO DE CICLOS
      100000
 MONITOREO EN PANTALLA (CADA CAUNTOS CICLOS)
        1000
 NUMERO DE PASOS PARA GUARDAR CONFIGURACION
         100
 FRECUENCIA DE CORRECCION EN DESPLAZAMIENTO
         100
 =============================================================================
 LONGITUD DE LA CELDA:   6.02013445    
 TOTAL DE PARTICULAS COLOCADAS EN LA CELDA:         216
 CONFIGURACION INICIAL LISTA
 ENERGIA DE LA CONFIGURACION INICIAL:   0.00000000    
 =============================================================================
 |CONFIG||ENERGIA PARTICULA||RATIO||DR|
        1000   0.00000000       4.62962962E-05   5.98736815E-02
        2000   0.00000000       1.11111114E-03   3.58485803E-02
        3000   0.00000000       3.28703714E-03   2.14638636E-02
        4000   0.00000000       1.66203696E-02   1.28512057E-02
        5000   0.00000000       7.33333305E-02   7.69449025E-03
        6000   0.00000000      0.328333348       4.60697524E-03
        7000   0.00000000      0.674305558       5.55791100E-03
        8000   0.00000000      0.770092607       9.05324612E-03
        9000   0.00000000      0.664120376       1.47467768E-02
       10000   0.00000000      0.576481462       2.40209363E-02
       11000   0.00000000      0.511481464       3.54011208E-02
       12000   0.00000000      0.467824072       3.49608064E-02
       13000   0.00000000      0.482592583       3.45259681E-02
       14000   0.00000000      0.472870380       3.40965390E-02
       15000   0.00000000      0.499861121       3.36724482E-02
       16000   0.00000000      0.490555555       3.32536325E-02
       17000   0.00000000      0.499027789       3.28400210E-02
       18000   0.00000000      0.516111135       3.58454064E-02
       19000   0.00000000      0.501805544       3.53995599E-02
       20000   0.00000000      0.513750017       3.49592641E-02
       21000   0.00000000      0.510370374       3.81585993E-02
       22000   0.00000000      0.476805568       3.40950303E-02
       23000   0.00000000      0.508472204       3.72152701E-02
       24000   0.00000000      0.515833318       3.67523916E-02
       25000   0.00000000      0.481712967       3.62952687E-02
       26000   0.00000000      0.508055568       3.58438268E-02
       27000   0.00000000      0.521666646       3.53980064E-02
       28000   0.00000000      0.480185181       3.49577256E-02
       29000   0.00000000      0.500000000       3.45229208E-02
       30000   0.00000000      0.501342595       3.76823172E-02
       31000   0.00000000      0.500787020       3.72136272E-02
       32000   0.00000000      0.494768530       3.32506932E-02
       33000   0.00000000      0.512638867       3.62936631E-02
       34000   0.00000000      0.511620343       3.58422473E-02
       35000   0.00000000      0.510740757       3.53964455E-02
       36000   0.00000000      0.520555556       3.49561870E-02
       37000   0.00000000      0.513796270       3.81552391E-02
       38000   0.00000000      0.506435156       3.76806669E-02
       39000   0.00000000      0.533888876       3.72119993E-02
       40000   0.00000000      0.492777765       3.67491581E-02
       41000   0.00000000      0.488518506       3.62920687E-02
       42000   0.00000000      0.476666659       3.58406641E-02
       43000   0.00000000      0.507962942       3.53948846E-02
       44000   0.00000000      0.523796320       3.49546410E-02
       45000   0.00000000      0.486898154       3.45198847E-02
       46000   0.00000000      0.495833337       3.40905339E-02
       47000   0.00000000      0.507175922       3.72103564E-02
       48000   0.00000000      0.510416687       3.67475338E-02
       49000   0.00000000      0.506111085       3.62904780E-02
       50000   0.00000000      0.477499992       3.58390994E-02
       51000   0.00000000      0.518240750       3.53933387E-02
       52000   0.00000000      0.497731477       3.49531174E-02
       53000   0.00000000      0.505231500       3.81518826E-02
       54000   0.00000000      0.499537051       3.40890363E-02
       55000   0.00000000      0.502407432       3.72087285E-02
       56000   0.00000000      0.510787010       3.67459245E-02
       57000   0.00000000      0.512129605       3.62888761E-02
       58000   0.00000000      0.509027779       3.58375199E-02
       59000   0.00000000      0.486620367       3.53917740E-02
       60000   0.00000000      0.499722213       3.49515714E-02
       61000   0.00000000      0.507731497       3.81501988E-02
       62000   0.00000000      0.546574056       3.40875313E-02
       63000   0.00000000      0.503472209       3.72070819E-02
       64000   0.00000000      0.520601869       3.67443003E-02
       65000   0.00000000      0.498194456       3.62872817E-02
       66000   0.00000000      0.510324061       3.96081433E-02
       67000   0.00000000      0.501018524       3.91154960E-02
       68000   0.00000000      0.496250004       3.49500328E-02
       69000   0.00000000      0.487222224       3.45153324E-02
       70000   0.00000000      0.505601823       3.76740322E-02
       71000   0.00000000      0.499907404       3.36620696E-02
       72000   0.00000000      0.491064817       3.67426835E-02
       73000   0.00000000      0.509120345       3.62856761E-02
       74000   0.00000000      0.498611122       3.24215628E-02
       75000   0.00000000      0.500833333       3.91137712E-02
       76000   0.00000000      0.488935173       3.49484868E-02
       77000   0.00000000      0.485462964       3.45138013E-02
       78000   0.00000000      0.488009274       3.40845250E-02
       79000   0.00000000      0.513240755       3.72037962E-02
       80000   0.00000000      0.508148134       3.67410555E-02
       81000   0.00000000      0.481249988       3.28284502E-02
       82000   0.00000000      0.496805549       3.24201323E-02
       83000   0.00000000      0.468981475       3.53870913E-02
       84000   0.00000000      0.492546290       3.49469520E-02
       85000   0.00000000      0.491851866       3.45122851E-02
       86000   0.00000000      0.503101826       3.76707129E-02
       87000   0.00000000      0.501435161       3.72021645E-02
       88000   0.00000000      0.474861115       3.67394462E-02
       89000   0.00000000      0.511018515       3.62824835E-02
       90000   0.00000000      0.485694438       3.58312055E-02
       91000   0.00000000      0.512638867       3.91103327E-02
       92000   0.00000000      0.489212960       3.49454172E-02
       93000   0.00000000      0.511203706       3.81434783E-02
       94000   0.00000000      0.509722233       3.76690477E-02
       95000   0.00000000      0.490787029       3.36576179E-02
       96000   0.00000000      0.501620352       3.67378183E-02
       97000   0.00000000      0.531898141       3.62808779E-02
       98000   0.00000000      0.535000026       3.58296223E-02
       99000   0.00000000      0.526851833       3.53839770E-02
      100000   0.00000000      0.494814813       3.49438712E-02
 DONE ALL CONFIGURATIONS
 DONE SAVING CONFIG FINAL
 CLEAR MEMORY
   0.00000000       5.48590231       9.53106308    
 GDR DONE, SAVE
 GDR DONE CALC
 DONE
434.75user 0.40system 7:18.86elapsed 99%CPU (0avgtext+0avgdata 4920maxresident)k
0inputs+6048outputs (0major+737minor)pagefaults 0swaps
