 NUMERO DE PARTICULAS
         250
 CONCENTRACION REDUCIDA
  0.600000024    
 NUMERO DE CICLOS
      100000
 MONITOREO EN PANTALLA (CADA CAUNTOS CICLOS)
        1000
 NUMERO DE PASOS PARA GUARDAR CONFIGURACION
         100
 FRECUENCIA DE CORRECCION EN DESPLAZAMIENTO
         100
 =============================================================================
 LONGITUD DE LA CELDA:   7.46900845    
 CONFIGURACION INICIAL LISTA
 ENERGIA DE LA CONFIGURACION INICIAL:   0.00000000    
 =============================================================================
 |CONFIG||ENERGIA PARTICULA||RATIO||DR|
        1000   0.00000000      0.491360009      0.147376105    
        2000   0.00000000      0.497040004      0.145543039    
        3000   0.00000000      0.493120015      0.143732756    
        4000   0.00000000      0.500039995      0.156886593    
        5000   0.00000000      0.502080023      0.154935241    
        6000   0.00000000      0.481519997      0.153008148    
        7000   0.00000000      0.518119991      0.151105046    
        8000   0.00000000      0.509400010      0.149225608    
        9000   0.00000000      0.487399995      0.147369534    
       10000   0.00000000      0.486799985      0.145536557    
       11000   0.00000000      0.495680004      0.143726364    
       12000   0.00000000      0.502439976      0.156879604    
       13000   0.00000000      0.508199990      0.154928356    
       14000   0.00000000      0.522239983      0.153001368    
       15000   0.00000000      0.479240000      0.151098341    
       16000   0.00000000      0.483839989      0.149218991    
       17000   0.00000000      0.527639985      0.147363007    
       18000   0.00000000      0.492639989      0.145530105    
       19000   0.00000000      0.507719994      0.158848435    
       20000   0.00000000      0.503960013      0.156872690    
       21000   0.00000000      0.506560028      0.154921517    
       22000   0.00000000      0.512520015      0.152994603    
       23000   0.00000000      0.488559991      0.151091680    
       24000   0.00000000      0.478639990      0.149212405    
       25000   0.00000000      0.490680009      0.147356495    
       26000   0.00000000      0.492799997      0.145523712    
       27000   0.00000000      0.479840010      0.143713713    
       28000   0.00000000      0.497960001      0.141926214    
       29000   0.00000000      0.505879998      0.154914707    
       30000   0.00000000      0.515320003      0.152987882    
       31000   0.00000000      0.483000010      0.151085019    
       32000   0.00000000      0.521319985      0.149205834    
       33000   0.00000000      0.527559996      0.147350028    
       34000   0.00000000      0.501079977      0.160834894    
       35000   0.00000000      0.534919977      0.143707350    
       36000   0.00000000      0.494120002      0.141919911    
       37000   0.00000000      0.516040027      0.154907838    
       38000   0.00000000      0.520039976      0.152981088    
       39000   0.00000000      0.482239991      0.151078343    
       40000   0.00000000      0.483559996      0.149199232    
       41000   0.00000000      0.493360013      0.147343501    
       42000   0.00000000      0.496039987      0.145510837    
       43000   0.00000000      0.496479988      0.143701002    
       44000   0.00000000      0.499240011      0.141913652    
       45000   0.00000000      0.504719973      0.154901028    
       46000   0.00000000      0.509639978      0.152974397    
       47000   0.00000000      0.512359977      0.151071683    
       48000   0.00000000      0.490999997      0.149192676    
       49000   0.00000000      0.488359988      0.147337034    
       50000   0.00000000      0.500800014      0.160820737    
       51000   0.00000000      0.496600002      0.143694699    
       52000   0.00000000      0.508960009      0.156845063    
       53000   0.00000000      0.501800001      0.154894218    
       54000   0.00000000      0.468360007      0.152967647    
       55000   0.00000000      0.472519994      0.151065052    
       56000   0.00000000      0.523360014      0.149186119    
       57000   0.00000000      0.527880013      0.147330552    
       58000   0.00000000      0.496399999      0.145498067    
       59000   0.00000000      0.489960015      0.143688351    
       60000   0.00000000      0.496080011      0.141901180    
       61000   0.00000000      0.510439992      0.154887393    
       62000   0.00000000      0.479840010      0.152960911    
       63000   0.00000000      0.484320015      0.151058406    
       64000   0.00000000      0.524039984      0.149179533    
       65000   0.00000000      0.488319993      0.147324041    
       66000   0.00000000      0.487639993      0.145491645    
       67000   0.00000000      0.489239991      0.143682018    
       68000   0.00000000      0.498400003      0.141894907    
       69000   0.00000000      0.477959991      0.154880568    
       70000   0.00000000      0.514639974      0.152954161    
       71000   0.00000000      0.517319977      0.151051730    
       72000   0.00000000      0.520720005      0.149172962    
       73000   0.00000000      0.484600008      0.147317544    
       74000   0.00000000      0.499799997      0.145485207    
       75000   0.00000000      0.500760019      0.158799395    
       76000   0.00000000      0.509280026      0.156824291    
       77000   0.00000000      0.509280026      0.154873714    
       78000   0.00000000      0.471080005      0.152947426    
       79000   0.00000000      0.521560013      0.151045054    
       80000   0.00000000      0.515039980      0.149166375    
       81000   0.00000000      0.490040004      0.147311047    
       82000   0.00000000      0.526480019      0.145478785    
       83000   0.00000000      0.492920011      0.143669322    
       84000   0.00000000      0.511759996      0.156817317    
       85000   0.00000000      0.505159974      0.154866844    
       86000   0.00000000      0.510079980      0.152940631    
       87000   0.00000000      0.488400012      0.151038349    
       88000   0.00000000      0.519400001      0.149159729    
       89000   0.00000000      0.533360004      0.147304490    
       90000   0.00000000      0.491640002      0.145472303    
       91000   0.00000000      0.494239986      0.143662944    
       92000   0.00000000      0.498239994      0.141876072    
       93000   0.00000000      0.504840016      0.154859975    
       94000   0.00000000      0.504519999      0.152933836    
       95000   0.00000000      0.511080027      0.151031643    
       96000   0.00000000      0.484880000      0.149153128    
       97000   0.00000000      0.495359987      0.147297964    
       98000   0.00000000      0.500599980      0.160778061    
       99000   0.00000000      0.503279984      0.158778310    
      100000   0.00000000      0.507120013      0.156803429    
 DONE ALL CONFIGURATIONS
 DONE SAVING CONFIG FINAL
 CLEAR MEMORY
   0.00000000       2.42084956       3.28159714    
 GDR DONE, SAVE
 GDR DONE CALC
 DONE
596.42user 0.46system 10:02.91elapsed 98%CPU (0avgtext+0avgdata 5024maxresident)k
0inputs+6104outputs (0major+834minor)pagefaults 0swaps
