   4.18465567      0.562019646       3.91851616    
   2.08516121      -1.11529064     -0.162850708    
  -3.58488083      -4.16014147      -1.28610194    
  -1.32678676      -2.37212801      -3.08525395    
   3.36855578     -0.952339232     -0.458513945    
   1.36190808      -4.06970406       1.26874363    
   1.23135090      -1.48874116       2.99150157    
 -0.830212831      -2.46529293       3.94058585    
  0.827575505       1.45483041     -0.362635463    
  -1.42963421      -3.36092401       2.14845443    
  0.888918161       1.84227204       3.34172726    
   1.33076406      -2.93759799      0.944608688    
   4.02570534       4.19796658      -2.04541683    
   4.01813507       3.38032007       1.32820344    
   1.92478240     -0.820386946       3.60491300    
  -2.96183372       1.46785414       2.26755357    
  -1.35135579      -3.23110271      0.961885929    
   2.69650602       3.76022720       1.94387531    
  -2.01521236E-02  -1.05296302     -0.660164535    
  0.444933325       4.18768072       4.12439680    
   2.07155299       3.81627727      -3.42070723    
   1.96822333       2.11740613       3.75815701    
   1.73401749       2.63925242      0.492800623    
  -3.68621492     -0.165004790      0.821606100    
  -3.04848790      0.735025108      0.167939872    
   3.24537611      -1.65002775       1.42687905    
   1.38720548       3.09239849E-02  -2.00523949    
  -3.56128764      -3.35363460      0.414342195    
  -3.24434447      -1.52679503      0.814289629    
  -3.80019760      -3.24466872      -2.38883781    
 -0.476159066      -2.45273447      0.563479960    
  -4.00070477     -0.670385420     -0.859093010    
   4.00825548       1.61987782      -4.16360569    
  -3.11249804      -3.81176710       2.85765338    
   1.50115526      0.689235687       1.96403694    
  -3.22921944       2.86204267       2.81743670    
  -1.21343350       1.97960567     -0.241228938    
 -0.314334035       2.18410063       1.70275664    
  -2.03559494       3.68125701     -0.369184881    
  -2.35920310       2.98529601       2.05546451    
  -1.67271149       1.44631743      0.998427927    
   3.53880405      -1.35345173       3.62439036    
  0.391321659     -0.290051728      -2.71726966    
  -1.02611399      -2.73151207      -1.20387375    
 -0.711281717       4.03111029      0.363424987    
   3.37036180       3.71035075      -3.24286509    
   3.08380675       1.11326289      -2.16324830    
  -2.85619450      -4.02658129      -2.60507607    
  -1.57828772       2.60424781      0.619999111    
   2.74396968      -1.79599178      -2.85519338    
  -1.42198944      -1.96925795      0.376625150    
  0.450124741      -4.02339268      -2.95415592    
  -3.32290554      0.960579038     -0.788127005    
   3.67498589      -3.06580424      -1.08256352    
  -1.50115526       1.80792665       1.93192494    
  -1.02107906       2.76645684       3.81548119    
  -1.61126351      0.670647144      -2.24179125    
   2.89655733      -2.03419352       2.85736656    
  -1.80955338      -2.22404289       1.27315950    
   1.15740812      -2.02838278      -1.18728244    
  0.520013511      -3.18358684       4.02410030    
  -2.73555803       2.88120961      0.997381687    
  -3.95457602       1.68762958      0.211969256    
   2.12411904       1.24202394       3.12095690    
   2.78148532       3.84505272      -2.33583164    
  0.668562710       4.12747335       2.85924792    
  -2.73500347       1.76232171      -1.66903043    
  -3.99457240       3.50493097       1.58793116    
   1.58419251      -1.62639117       1.97803414    
   2.12082696     -0.877023935      -3.46687698    
  -3.79338455       2.34953403       1.52039695    
  -1.58476496      0.191458702       4.87500913E-02
 -0.517018259      0.737077951      -1.70456839    
  -1.72496915      -3.58462715       3.99446511    
   1.91892982       2.17063332      -1.60489702    
  -1.73969424      0.639002800       1.89520597    
  -3.00440526      -1.39985871      -2.85624456    
  0.290950537       1.87824607      -2.28610206    
  -2.53146458       3.97490144       4.15111351    
  -2.55862427       2.94585633      -3.82938623    
  -3.05028009      -3.20361209      -1.63203478    
 -0.135934085      0.967362583       4.10138607    
   2.06411338      0.586495459     -0.368906677    
   1.24632859       1.54410934      -2.77213502    
  -2.47914433      -2.58800077     -0.681240022    
   1.60339510      -3.02305865      -2.99626470    
   3.95363855       2.32455683      -1.91167152    
  -2.56458335E-02 -0.851535976      0.952863097    
   1.91060972      -3.96668029      0.143226951    
   2.25112796       3.31674862       3.73832154    
  -2.91395450       2.93703604       3.97011757    
   3.06558061       1.91735268       1.15504396    
   1.88424754      0.876463950      -3.98403716    
  0.267837763      -4.11805630     -0.402557194    
 -0.459358126     -0.994279683       3.55106187    
   2.08932948     -0.616226852      -2.37653947    
   3.24149346     -0.982954919      -2.17999411    
  -1.55521703     -0.564296067      -3.80162978    
 -0.638517022       1.99600661       3.13526177    
  0.101614326       2.32474232      -6.00498170E-02
  -2.48228788     -0.461469591     -0.558829904    
  -3.74502850       1.68624449       3.52593637    
   4.19394159       1.36314428      -2.69354892    
   2.67634082      0.299747795       4.10470772    
 -0.703899622       2.59205627      -2.18721271    
  0.436886013       2.78930998      -1.03229904    
   3.09305906       1.04845428      0.439976484    
  -2.42546153       2.71418929      -1.14715707    
   2.44596100      -2.54211426      -2.04893756    
   1.48698902       3.35178876      -1.05117738    
  -4.03666592     -0.824196756       4.12917185    
   3.99281478       3.95520711       3.94308972    
  0.499953121      -1.44823182       1.94030511    
  -2.87421608      0.276492149       2.39017725    
  -2.39037776      -1.46917748       1.21970475E-02
  -2.33036089     -0.281759262      -2.63413572    
  -2.56424236      -2.46492147       3.41297364    
   2.52242565       1.97600091     -0.711953461    
   2.61552048       4.10740280      -7.46821612E-02
  -2.36064887       2.20252228       3.42561340    
  0.753890932       3.11704731      -3.88048124    
   3.68402123      -3.81071138       3.33960342    
  -4.03911161       4.19882441       4.03862858    
  0.939115524      0.736474872       3.88772106    
   3.30880427      -2.50445223      -4.09809017    
  -2.06061888       3.28364110      -1.93795848    
   3.27179599      0.161006942      -1.11684418    
  0.952760816      -1.15485156      0.272310823    
  0.314037263       1.36527681      -3.75800896    
   1.26830494      -2.62767935       2.67709517    
  -4.01681757       1.32193220      -3.19895196    
 -0.123711482       4.14083815      -1.83950436    
  -3.03828287     -0.379128098       4.07370281    
 -0.631489813       1.72247815      -1.13203597    
  -4.05924702      -1.39351285      -1.80942810    
   2.90505481      -4.68120798E-02   1.76708710    
   2.22306633      -2.58121181      -3.66345954    
  -3.82485890      -2.97290945       2.58116817    
   4.06786728      0.956701517      -1.74496031    
  -4.07348680     -0.180624187       2.32644486    
   3.42239404       3.49192834      -1.39755571    
  -4.08033514      -1.35324621      -3.71571922    
  -1.61085391      -1.16970396     -0.742755115    
  -2.82637930       1.94535065       8.34167600E-02
  -1.84889913       4.14678097       2.19718003    
  -3.44789433     -0.326391220      -1.98620427    
  -1.21537399       1.87667501      -3.97563934    
  0.220832676       4.15200043       1.90287423    
   4.19937515       2.27095580       2.40251613    
   3.15900779      -4.08460140      -1.80199337    
 -0.119098544      0.308987707      -3.82383037    
  0.410867691      -1.63970160      -2.90648603    
  0.630953431      -2.99335122      -2.57948327    
  0.552137077      -3.71568203       3.12321925    
  0.304070473      -1.17999256      -4.19363308    
   1.82278609     -0.406508923       1.13124347    
  -2.31962729     -0.856493294       2.77624011    
  -2.09010053     -0.756444514       3.84014249    
   1.84809160       2.82070017       2.32826900    
  0.318614095      0.935977876       1.63264382    
   1.27414250       3.89469719      0.924767911    
  0.188298538      -2.65384102       3.05370688    
   3.19930434      -2.15495825      0.369402945    
  0.796712697     -0.450365871       3.73839784    
  -2.80607843       3.99132395      -3.47422314    
  -2.93427205       3.44741774      -2.47661567    
  -2.34191990      -3.07696605       1.66059566    
   4.01223421      -4.18132496      -4.86072227E-02
   2.31478167      -3.32561469       1.01524436    
   3.63114691      -2.23483896      -3.16740584    
  -1.12511456       2.85486555      -3.14721823    
   3.87745309      -1.79966581      -1.84993184    
  -1.38314605      -3.61834240      -6.20936044E-02
 -0.539061785      0.938664854      0.521307886    
  -1.10299993     -0.581602812      -2.53441715    
   3.42849231      0.166015401      -3.49361730    
 -0.875117481      -3.35164356      -3.80238986    
  -2.65472698     -0.614796638       1.07323992    
 -0.761334181      -2.49660397       2.75138903    
  -1.24455905      -1.43699729       2.07589722    
 -0.218920231       3.11094832       1.24984622    
   3.27526498       2.48313856       3.19733429    
  0.688186467      -4.09650183      -1.88247204    
  -4.17638636       1.67611921       2.17872024    
   4.13441133      -8.68376046E-02  0.514183939    
   4.14656162      -3.65301704      -3.57604384    
   3.44751334     -0.204556584       2.99676871    
  -1.78675997      -3.68365574      -1.03852308    
   2.24438405       2.67843270      -3.73140311    
   6.40782341E-02  -3.77315916E-02   3.46065089E-02
   1.60632980       1.85763371       1.12222016    
  -3.67200255      -4.05421162       3.76258636    
  -1.91796124       3.64838147      -3.02603769    
 -0.734617591       4.10704994      -2.79361773    
  -4.16935587      -2.00601506      0.818985283    
   3.44531679       2.36857080     -0.160596386    
  -2.30466843      -3.21577454       2.80528188    
   2.00550222       2.81350303      -2.74104524    
  -1.56369451E-02  -2.09157777     -0.575203776    
  -2.78787541      -1.45955908      -4.06416893    
   2.52776194       1.77050936      -4.16013145    
  0.614002109      -2.19813538       1.26412618    
  0.503084719      -2.39567137      -3.57341909    
   3.99113107     -0.715183794       2.03387904    
  -2.60615826      -3.35984063      -4.14267969    
  -2.54306269      0.987234473       3.50021172    
 -0.834495902      -3.65676355      -2.11735201    
  -3.40181971      -1.34121251       3.37256956    
   3.40162373      -3.67967296       1.87653363    
  -1.40375328      0.762770414      -3.68839598    
  -2.96611643       1.87352991       4.17531157    
   3.33813143       2.79227662       2.13759732    
 -0.582639992      -1.88131452      -3.73226142    
  -3.43377900       2.71046305     -0.540151119    
  -3.98494744      -1.33350003       2.39336681    
  -1.02203453       3.90360856      -3.82444549    
  0.245064855       3.46080232      -2.50987029    
   2.19373250      -3.92352104       4.13641739    
 -0.593451440       2.28945518      0.748285413    
   1.99915981      -3.84435630       2.87841558    
   3.88605785       4.15195370       2.51994681    
   2.10514593      -2.26435733      0.669785917    
   4.04074812      0.740388513       1.44666731    
   2.57700634      -2.16826725     -0.570818901    
   1.84668493      -3.85178113      -4.19931746    
   1.61812675       4.11753941      -1.93925881    
  -3.63377666       2.70088983      -3.56751728    
  -3.28070450      0.643164515      -3.12315440    
  -1.03055549     -0.663423955       1.06054413    
   3.83584476      0.745043039       2.58303905    
  -4.07858086       2.04946947      -1.11083019    
  0.430509508      0.695231199      -1.33152699    
 -0.914550960       3.48208141     -0.827315331    
  -3.04620194       2.12534523      -2.82547903    
  -1.48194158      -4.09607172       2.87341595    
  0.671391070      0.844389975       2.80814362    
  -3.23776650       2.74865532      -1.79251134    
  -1.87079632      -3.69310021      -2.85724163    
  -3.63949347      -2.71546960       3.70354176    
  -3.27970099      -1.94043744     -0.363877177    
  -2.90117073       3.95040369      -1.05263865    
   2.06937695      0.730147541      -2.22653294    
  -2.12604906E-02   2.89747834       3.37044263    
  0.993346274       2.49080801       4.14615107    
  0.852571189       3.14747930       1.94255888    
  -3.23846030      -1.26881075      -1.14481008    
  -2.80823708      -2.16757751       2.43209314    
   6.56999322E-03 -0.467083603      -1.65955091    
   3.92854571       2.54259229      -3.31441021    
   1.89394867      -3.43712068     -0.839546978    
