 NUMERO DE PARTICULAS
         250
 CONCENTRACION REDUCIDA
  0.300000012    
 NUMERO DE CICLOS
      100000
 MONITOREO EN PANTALLA (CADA CAUNTOS CICLOS)
        1000
 NUMERO DE PASOS PARA GUARDAR CONFIGURACION
         100
 FRECUENCIA DE CORRECCION EN DESPLAZAMIENTO
         100
 =============================================================================
 LONGITUD DE LA CELDA:   9.41036129    
 CONFIGURACION INICIAL LISTA
 ENERGIA DE LA CONFIGURACION INICIAL:   0.00000000    
 =============================================================================
 |CONFIG||ENERGIA PARTICULA||RATIO||DR|
        1000   0.00000000      0.811280012      0.162889376    
        2000   0.00000000      0.721679986      0.265329510    
        3000   0.00000000      0.571160018      0.432193637    
        4000   0.00000000      0.521399975      0.521403730    
        5000   0.00000000      0.490240008      0.514918447    
        6000   0.00000000      0.493120015      0.508513927    
        7000   0.00000000      0.494800001      0.502189159    
        8000   0.00000000      0.497839987      0.495942861    
        9000   0.00000000      0.507480025      0.541329563    
       10000   0.00000000      0.509999990      0.534596503    
       11000   0.00000000      0.479279995      0.527947187    
       12000   0.00000000      0.487480015      0.521380544    
       13000   0.00000000      0.488640010      0.514895678    
       14000   0.00000000      0.499760002      0.508491457    
       15000   0.00000000      0.498840004      0.502166808    
       16000   0.00000000      0.498320013      0.495920897    
       17000   0.00000000      0.505840003      0.541305602    
       18000   0.00000000      0.509800017      0.534572840    
       19000   0.00000000      0.511879981      0.527923882    
       20000   0.00000000      0.490440011      0.521357536    
       21000   0.00000000      0.480639994      0.514872909    
       22000   0.00000000      0.498320013      0.508468926    
       23000   0.00000000      0.500959992      0.555001915    
       24000   0.00000000      0.502680004      0.548098922    
       25000   0.00000000      0.511160016      0.541281641    
       26000   0.00000000      0.514039993      0.534549236    
       27000   0.00000000      0.512120008      0.527900457    
       28000   0.00000000      0.481040001      0.521334529    
       29000   0.00000000      0.489560008      0.514850199    
       30000   0.00000000      0.496120006      0.508446515    
       31000   0.00000000      0.500320017      0.554977357    
       32000   0.00000000      0.503480017      0.548074543    
       33000   0.00000000      0.504679978      0.541257620    
       34000   0.00000000      0.508520007      0.534525454    
       35000   0.00000000      0.486959994      0.527876973    
       36000   0.00000000      0.512399971      0.521311283    
       37000   0.00000000      0.495480001      0.514827192    
       38000   0.00000000      0.491640002      0.508423805    
       39000   0.00000000      0.500880003      0.554952681    
       40000   0.00000000      0.507160008      0.548050284    
       41000   0.00000000      0.499080002      0.489687622    
       42000   0.00000000      0.478599995      0.534501791    
       43000   0.00000000      0.482479990      0.527853668    
       44000   0.00000000      0.491800010      0.521288216    
       45000   0.00000000      0.490799993      0.514804423    
       46000   0.00000000      0.493319988      0.508401334    
       47000   0.00000000      0.503400028      0.554928184    
       48000   0.00000000      0.504960001      0.548025966    
       49000   0.00000000      0.508480012      0.541209579    
       50000   0.00000000      0.511640012      0.534478009    
       51000   0.00000000      0.507719994      0.527830243    
       52000   0.00000000      0.489399999      0.521265149    
       53000   0.00000000      0.496439993      0.514781713    
       54000   0.00000000      0.487439990      0.508378923    
       55000   0.00000000      0.494280010      0.502055764    
       56000   0.00000000      0.500119984      0.548001766    
       57000   0.00000000      0.504119992      0.541185796    
       58000   0.00000000      0.507640004      0.534454405    
       59000   0.00000000      0.518000007      0.527806878    
       60000   0.00000000      0.486160010      0.521242023    
       61000   0.00000000      0.484120011      0.514758945    
       62000   0.00000000      0.500519991      0.561867535    
       63000   0.00000000      0.498640001      0.502033472    
       64000   0.00000000      0.510360003      0.547977507    
       65000   0.00000000      0.502799988      0.541161895    
       66000   0.00000000      0.501839995      0.534430861    
       67000   0.00000000      0.515079975      0.527783692    
       68000   0.00000000      0.521279991      0.521219134    
       69000   0.00000000      0.489439994      0.514736295    
       70000   0.00000000      0.496280015      0.508333981    
       71000   0.00000000      0.496760011      0.502011359    
       72000   0.00000000      0.499960005      0.495767325    
       73000   0.00000000      0.506240010      0.541137934    
       74000   0.00000000      0.511120021      0.534407258    
       75000   0.00000000      0.518840015      0.527760267    
       76000   0.00000000      0.522080004      0.521195948    
       77000   0.00000000      0.494599998      0.514713287    
       78000   0.00000000      0.484640002      0.508311272    
       79000   0.00000000      0.501640022      0.554829776    
       80000   0.00000000      0.502399981      0.547928810    
       81000   0.00000000      0.509639978      0.541113675    
       82000   0.00000000      0.509199977      0.534383476    
       83000   0.00000000      0.520439982      0.527736902    
       84000   0.00000000      0.487800002      0.521172941    
       85000   0.00000000      0.493680000      0.514690518    
       86000   0.00000000      0.503840029      0.561792850    
       87000   0.00000000      0.508159995      0.554805279    
       88000   0.00000000      0.508239985      0.547904611    
       89000   0.00000000      0.503319979      0.541089714    
       90000   0.00000000      0.510800004      0.534359813    
       91000   0.00000000      0.483559996      0.527713418    
       92000   0.00000000      0.485040009      0.521149755    
       93000   0.00000000      0.488279998      0.514667690    
       94000   0.00000000      0.493479997      0.508266270    
       95000   0.00000000      0.500880003      0.554780662    
       96000   0.00000000      0.498800009      0.495701194    
       97000   0.00000000      0.502080023      0.541065812    
       98000   0.00000000      0.509079993      0.534336209    
       99000   0.00000000      0.518480003      0.527690232    
      100000   0.00000000      0.488119990      0.521126807    
 DONE ALL CONFIGURATIONS
 DONE SAVING CONFIG FINAL
 CLEAR MEMORY
   0.00000000       1.50946128       1.71131694    
 GDR DONE, SAVE
 GDR DONE CALC
 DONE
603.84user 0.70system 10:06.61elapsed 99%CPU (0avgtext+0avgdata 5044maxresident)k
0inputs+6184outputs (0major+834minor)pagefaults 0swaps
