 =============================================================================
 NUMERO DE PARTICULAS
         216
 CONCENTRACION REDUCIDA
  0.800000012    
 NUMERO DE CICLOS
      210000
 MONITOREO EN PANTALLA (CADA CAUNTOS CICLOS)
        1000
 NUMERO DE PASOS PARA GUARDAR CONFIGURACION
         100
 FRECUENCIA DE CORRECCION EN DESPLAZAMIENTO
         100
 =============================================================================
 LONGITUD DE LA CELDA:   6.46330452    
 TOTAL DE PARTICULAS COLOCADAS EN LA CELDA:         216
 CONFIGURACION INICIAL LISTA
 ENERGIA DE LA CONFIGURACION INICIAL:   0.00000000    
 =============================================================================
 |CONFIG||ENERGIA PARTICULA||RATIO||DR|
        1000   0.00000000      0.507731497       7.31420815E-02
        2000   0.00000000      0.487175912       7.22323507E-02
        3000   0.00000000      0.493009269       7.13339299E-02
        4000   0.00000000      0.500787020       7.78621137E-02
        5000   0.00000000      0.480370373       6.95704520E-02
        6000   0.00000000      0.515648127       7.59372488E-02
        7000   0.00000000      0.507222235       7.49927461E-02
        8000   0.00000000      0.518425941       7.40599856E-02
        9000   0.00000000      0.521342576       7.31388256E-02
       10000   0.00000000      0.489629626       7.22291395E-02
       11000   0.00000000      0.512175918       7.88392499E-02
       12000   0.00000000      0.495185196       7.04435483E-02
       13000   0.00000000      0.498564810       6.95673600E-02
       14000   0.00000000      0.513148129       7.59338811E-02
       15000   0.00000000      0.508425951       7.49894157E-02
       16000   0.00000000      0.496666670       6.70036823E-02
       17000   0.00000000      0.493240744       7.31355771E-02
       18000   0.00000000      0.505277753       7.98286274E-02
       19000   0.00000000      0.501759231       7.88357258E-02
       20000   0.00000000      0.484305561       7.04403967E-02
       21000   0.00000000      0.498009264       6.95642531E-02
       22000   0.00000000      0.496064812       6.86990172E-02
       23000   0.00000000      0.520462990       7.49860778E-02
       24000   0.00000000      0.521481454       7.40534067E-02
       25000   0.00000000      0.482962966       7.31323361E-02
       26000   0.00000000      0.477453709       7.22227097E-02
       27000   0.00000000      0.480092585       7.13244155E-02
       28000   0.00000000      0.502824068       7.78517351E-02
       29000   0.00000000      0.494768530       6.95611909E-02
       30000   0.00000000      0.481064826       6.86959997E-02
       31000   0.00000000      0.487314820       6.78415671E-02
       32000   0.00000000      0.507037044       7.40501508E-02
       33000   0.00000000      0.512499988       7.31291175E-02
       34000   0.00000000      0.487175912       7.22195432E-02
       35000   0.00000000      0.501481473       7.88287818E-02
       36000   0.00000000      0.490879625       7.04341903E-02
       37000   0.00000000      0.497268528       6.95581287E-02
       38000   0.00000000      0.504537046       7.59238005E-02
       39000   0.00000000      0.501203716       8.28720406E-02
       40000   0.00000000      0.512638867       7.40468726E-02
       41000   0.00000000      0.502824068       8.08233395E-02
       42000   0.00000000      0.491342604       7.22163469E-02
       43000   0.00000000      0.475925922       7.13181272E-02
       44000   0.00000000      0.490509272       7.04310685E-02
       45000   0.00000000      0.491898149       6.95550442E-02
       46000   0.00000000      0.513101876       7.59204328E-02
       47000   0.00000000      0.510185182       7.49761313E-02
       48000   0.00000000      0.509953678       7.40435719E-02
       49000   0.00000000      0.516435206       7.31226206E-02
       50000   0.00000000      0.488148153       7.22131282E-02
       51000   0.00000000      0.529907405       7.13149458E-02
       52000   0.00000000      0.515555561       7.78414011E-02
       53000   0.00000000      0.500509262       7.68732131E-02
       54000   0.00000000      0.501157403       7.59170651E-02
       55000   0.00000000      0.500416696       7.49728233E-02
       56000   0.00000000      0.500879645       7.40403160E-02
       57000   0.00000000      0.518703699       7.31194019E-02
       58000   0.00000000      0.487037033       7.22099468E-02
       59000   0.00000000      0.527361095       7.13118166E-02
       60000   0.00000000      0.505555570       7.78379813E-02
       61000   0.00000000      0.493194431       6.95489049E-02
       62000   0.00000000      0.494212955       6.86838627E-02
       63000   0.00000000      0.509398162       7.49695376E-02
       64000   0.00000000      0.483703703       7.40370676E-02
       65000   0.00000000      0.480648160       7.31162056E-02
       66000   0.00000000      0.508240759       7.22067878E-02
       67000   0.00000000      0.495092601       7.13086724E-02
       68000   0.00000000      0.482129633       7.04217404E-02
       69000   0.00000000      0.500648141       7.68664554E-02
       70000   0.00000000      0.489351839       6.86808228E-02
       71000   0.00000000      0.521574080       7.49662071E-02
       72000   0.00000000      0.521250010       7.40337819E-02
       73000   0.00000000      0.484583348       7.31129572E-02
       74000   0.00000000      0.476666659       7.22035766E-02
       75000   0.00000000      0.499305546       7.13055134E-02
       76000   0.00000000      0.496666670       7.04186261E-02
       77000   0.00000000      0.504583359       7.68630579E-02
       78000   0.00000000      0.495138884       6.86778128E-02
       79000   0.00000000      0.497638881       6.78236037E-02
       80000   0.00000000      0.508287013       7.40305409E-02
       81000   0.00000000      0.509398162       7.31097534E-02
       82000   0.00000000      0.528888881       7.22004250E-02
       83000   0.00000000      0.502453685       7.88079128E-02
       84000   0.00000000      0.495509267       7.04155490E-02
       85000   0.00000000      0.472407401       7.68596902E-02
       86000   0.00000000      0.505185187       7.59036988E-02
       87000   0.00000000      0.490787029       6.78206086E-02
       88000   0.00000000      0.487453699       7.40272701E-02
       89000   0.00000000      0.506157398       7.31065273E-02
       90000   0.00000000      0.504074097       7.97969326E-02
       91000   0.00000000      0.485740751       7.12992474E-02
       92000   0.00000000      0.485787034       7.04124346E-02
       93000   0.00000000      0.521296322       7.68562853E-02
       94000   0.00000000      0.504074097       7.59003609E-02
       95000   0.00000000      0.491111100       6.78176284E-02
       96000   0.00000000      0.483749986       7.40240216E-02
       97000   0.00000000      0.477685183       7.31033161E-02
       98000   0.00000000      0.491990745       7.21940547E-02
       99000   0.00000000      0.503611088       7.88009614E-02
      100000   0.00000000      0.517222226       7.78208524E-02
      101000   0.00000000      0.499537051       6.95335940E-02
      102000   0.00000000      0.493564814       6.86687306E-02
      103000   0.00000000      0.491898149       6.78146333E-02
      104000   0.00000000      0.507638872       8.18124115E-02
      105000   0.00000000      0.516527772       7.31001049E-02
      106000   0.00000000      0.478842586       7.21908957E-02
      107000   0.00000000      0.543981493       7.12929890E-02
      108000   0.00000000      0.499629617       7.04062507E-02
      109000   0.00000000      0.498981476       6.95305467E-02
      110000   0.00000000      0.500231504       7.58937076E-02
      111000   0.00000000      0.501157403       7.49497414E-02
      112000   0.00000000      0.501296282       7.40175247E-02
      113000   0.00000000      0.481666654       7.30969012E-02
      114000   0.00000000      0.508101881       7.21877366E-02
      115000   0.00000000      0.491527766       7.12898746E-02
      116000   0.00000000      0.500879645       7.78140426E-02
      117000   0.00000000      0.495092601       6.95275068E-02
      118000   0.00000000      0.512546301       7.58903772E-02
      119000   0.00000000      0.507361114       7.49464557E-02
      120000   0.00000000      0.476481467       7.40142763E-02
      121000   0.00000000      0.515925944       7.30936825E-02
      122000   0.00000000      0.490972221       7.21845478E-02
      123000   0.00000000      0.495601863       7.12867305E-02
      124000   0.00000000      0.492314816       7.04000816E-02
      125000   0.00000000      0.514074087       7.68428147E-02
      126000   0.00000000      0.509305537       7.58870468E-02
      127000   0.00000000      0.518379629       7.49431774E-02
      128000   0.00000000      0.507222235       7.40110353E-02
      129000   0.00000000      0.528657436       7.30904937E-02
      130000   0.00000000      0.480046302       7.21814036E-02
      131000   0.00000000      0.490509272       7.12836310E-02
      132000   0.00000000      0.512638867       7.78072178E-02
      133000   0.00000000      0.493333340       6.95214048E-02
      134000   0.00000000      0.495231479       6.86567053E-02
      135000   0.00000000      0.506990731       7.49398842E-02
      136000   0.00000000      0.496712953       7.40077719E-02
      137000   0.00000000      0.483888894       7.30872750E-02
      138000   0.00000000      0.515972197       7.21782222E-02
      139000   0.00000000      0.485740751       7.12804645E-02
      140000   0.00000000      0.480138898       7.03938901E-02
      141000   0.00000000      0.500740767       7.68360496E-02
      142000   0.00000000      0.503379643       7.58803710E-02
      143000   0.00000000      0.500555575       7.49365762E-02
      144000   0.00000000      0.484953701       7.40045086E-02
      145000   0.00000000      0.514490724       7.30840415E-02
      146000   0.00000000      0.498194456       7.21750185E-02
      147000   0.00000000      0.488240749       7.12773055E-02
      148000   0.00000000      0.492638886       7.03907609E-02
      149000   0.00000000      0.499259263       6.95152432E-02
      150000   0.00000000      0.514259279       7.58769959E-02
      151000   0.00000000      0.518148124       7.49332458E-02
      152000   0.00000000      0.473009259       7.40012303E-02
      153000   0.00000000      0.522222221       7.30808079E-02
      154000   0.00000000      0.494490743       7.21718296E-02
      155000   0.00000000      0.481203705       7.12741613E-02
      156000   0.00000000      0.516064823       7.77968839E-02
      157000   0.00000000      0.505694449       7.68292472E-02
      158000   0.00000000      0.514398158       7.58736506E-02
      159000   0.00000000      0.526296318       7.49299303E-02
      160000   0.00000000      0.483749986       7.39979669E-02
      161000   0.00000000      0.503842592       7.30775744E-02
      162000   0.00000000      0.523148119       7.21686482E-02
      163000   0.00000000      0.501203716       7.87732229E-02
      164000   0.00000000      0.499722213       7.03845546E-02
      165000   0.00000000      0.472916663       6.95091039E-02
      166000   0.00000000      0.498611122       6.86445534E-02
      167000   0.00000000      0.494212955       6.77907616E-02
      168000   0.00000000      0.493564814       7.39947036E-02
      169000   0.00000000      0.519305527       7.30743632E-02
      170000   0.00000000      0.516018510       7.21654668E-02
      171000   0.00000000      0.491620362       7.12678730E-02
      172000   0.00000000      0.498287052       7.03814551E-02
      173000   0.00000000      0.512685180       7.68224820E-02
      174000   0.00000000      0.514166653       7.58669674E-02
      175000   0.00000000      0.489074081       7.49233514E-02
      176000   0.00000000      0.509444416       7.39914626E-02
      177000   0.00000000      0.477592587       7.30711669E-02
      178000   0.00000000      0.481574088       7.21623152E-02
      179000   0.00000000      0.473796308       7.12647587E-02
      180000   0.00000000      0.490046293       7.03783780E-02
      181000   0.00000000      0.509074092       7.68191218E-02
      182000   0.00000000      0.506620347       6.86385334E-02
      183000   0.00000000      0.475046307       7.49200583E-02
      184000   0.00000000      0.489629626       7.39882067E-02
      185000   0.00000000      0.510509253       7.30679408E-02
      186000   0.00000000      0.494953692       7.21591264E-02
      187000   0.00000000      0.525462985       7.12616220E-02
      188000   0.00000000      0.491666675       7.03752786E-02
      189000   0.00000000      0.462546289       7.68157393E-02
      190000   0.00000000      0.499768525       6.86355233E-02
      191000   0.00000000      0.504907429       7.49167800E-02
      192000   0.00000000      0.508657396       7.39849657E-02
      193000   0.00000000      0.480185181       7.30647445E-02
      194000   0.00000000      0.510185182       7.21559599E-02
      195000   0.00000000      0.492962956       7.12584779E-02
      196000   0.00000000      0.496018529       7.03721642E-02
      197000   0.00000000      0.514212966       7.68123418E-02
      198000   0.00000000      0.504999995       7.58569613E-02
      199000   0.00000000      0.503379643       7.49134719E-02
      200000   0.00000000      0.515462935       7.39816949E-02
      201000   0.00000000      0.482037038       7.30615109E-02
      202000   0.00000000      0.484814823       7.21527711E-02
      203000   0.00000000      0.529351830       7.12553337E-02
      204000   0.00000000      0.492314816       7.03690574E-02
      205000   0.00000000      0.494722217       6.94938153E-02
      206000   0.00000000      0.511481464       7.58536085E-02
      207000   0.00000000      0.515694439       7.49101341E-02
      208000   0.00000000      0.495231479       7.39784017E-02
      209000   0.00000000      0.524999976       7.30582550E-02
      210000   0.00000000      0.493055552       7.21495599E-02
 DONE ALL CONFIGURATIONS
 DONE SAVING CONFIG FINAL
 CLEAR MEMORY
  0.800000012       5.48236752    
 GDR DONE, SAVE
 GDR DONE CALC
 DONE
 ===================================================================
946.80user 0.58system 15:52.65elapsed 99%CPU (0avgtext+0avgdata 7352maxresident)k
0inputs+12616outputs (0major+1379minor)pagefaults 0swaps
