 =============================================================================
 NUMERO DE PARTICULAS
         216
 CONCENTRACION REDUCIDA
  0.699999988    
 NUMERO DE CICLOS
      210000
 MONITOREO EN PANTALLA (CADA CAUNTOS CICLOS)
        1000
 NUMERO DE PASOS PARA GUARDAR CONFIGURACION
         100
 FRECUENCIA DE CORRECCION EN DESPLAZAMIENTO
         100
 =============================================================================
 LONGITUD DE LA CELDA:   6.75748777    
 TOTAL DE PARTICULAS COLOCADAS EN LA CELDA:         216
 CONFIGURACION INICIAL LISTA
 ENERGIA DE LA CONFIGURACION INICIAL:   0.00000000    
 =============================================================================
 |CONFIG||ENERGIA PARTICULA||RATIO||DR|
        1000   0.00000000      0.518240750      0.109151594    
        2000   0.00000000      0.509675920      0.107793972    
        3000   0.00000000      0.518842578      0.106453240    
        4000   0.00000000      0.494305551      0.105129182    
        5000   0.00000000      0.518842578      0.103821591    
        6000   0.00000000      0.494259268      0.102530256    
        7000   0.00000000      0.495694458      0.101254977    
        8000   0.00000000      0.486527771       9.99955758E-02
        9000   0.00000000      0.497777790       9.87518355E-02
       10000   0.00000000      0.459629625      0.107789196    
       11000   0.00000000      0.470833331      0.106448531    
       12000   0.00000000      0.508055568      0.105124526    
       13000   0.00000000      0.483703703      0.103816979    
       14000   0.00000000      0.501851857      0.113317877    
       15000   0.00000000      0.504629612      0.111908436    
       16000   0.00000000      0.496805549       9.99911502E-02
       17000   0.00000000      0.503472209      0.109141931    
       18000   0.00000000      0.518750012      0.107784435    
       19000   0.00000000      0.514953732      0.106443807    
       20000   0.00000000      0.519953728      0.105119862    
       21000   0.00000000      0.480416656      0.103812397    
       22000   0.00000000      0.492129624      0.102521189    
       23000   0.00000000      0.487916678      0.101246037    
       24000   0.00000000      0.512222230      0.110511661    
       25000   0.00000000      0.501296282      0.109137133    
       26000   0.00000000      0.495787024       9.75149497E-02
       27000   0.00000000      0.512268543      0.106439129    
       28000   0.00000000      0.514953732      0.105115242    
       29000   0.00000000      0.486805558      0.103807822    
       30000   0.00000000      0.480694443      0.102516659    
       31000   0.00000000      0.512453675      0.111898556    
       32000   0.00000000      0.498657405       9.99823138E-02
       33000   0.00000000      0.495277792       9.87387374E-02
       34000   0.00000000      0.504999995      0.107774906    
       35000   0.00000000      0.479583323      0.106434405    
       36000   0.00000000      0.476898134      0.105110578    
       37000   0.00000000      0.479629636      0.103803217    
       38000   0.00000000      0.492037028      0.102512114    
       39000   0.00000000      0.500092566      0.111893609    
       40000   0.00000000      0.499814808       9.99778956E-02
       41000   0.00000000      0.514166653      0.109127469    
       42000   0.00000000      0.486296296       9.75063294E-02
       43000   0.00000000      0.475092590      0.106429711    
       44000   0.00000000      0.502731502      0.116169728    
       45000   0.00000000      0.478148162      0.103798650    
       46000   0.00000000      0.486481488      0.102507614    
       47000   0.00000000      0.502453685      0.111888692    
       48000   0.00000000      0.499583334       9.99734998E-02
       49000   0.00000000      0.489861101       9.87300426E-02
       50000   0.00000000      0.506527781      0.107765399    
       51000   0.00000000      0.508287013      0.106425032    
       52000   0.00000000      0.505555570      0.105101325    
       53000   0.00000000      0.480092585      0.103794076    
       54000   0.00000000      0.519166648      0.102503084    
       55000   0.00000000      0.487407416      0.101228163    
       56000   0.00000000      0.493981481       9.99690890E-02
       57000   0.00000000      0.496990740       9.87256840E-02
       58000   0.00000000      0.501990736      0.107760653    
       59000   0.00000000      0.518425941      0.106420338    
       60000   0.00000000      0.490046293      0.105096690    
       61000   0.00000000      0.520324051      0.103789501    
       62000   0.00000000      0.478981495      0.102498583    
       63000   0.00000000      0.509814799      0.111878835    
       64000   0.00000000      0.507499993      0.110487290    
       65000   0.00000000      0.500694454      0.109113060    
       66000   0.00000000      0.502962947      0.107755929    
       67000   0.00000000      0.473749995      0.106415674    
       68000   0.00000000      0.484814823      0.105092086    
       69000   0.00000000      0.490370363      0.103784949    
       70000   0.00000000      0.520787060      0.102494083    
       71000   0.00000000      0.491759270      0.101219274    
       72000   0.00000000      0.502268493      0.110482447    
       73000   0.00000000      0.495694458       9.87170115E-02
       74000   0.00000000      0.501527786      0.107751191    
       75000   0.00000000      0.507592618      0.106411003    
       76000   0.00000000      0.522638917      0.105087467    
       77000   0.00000000      0.501805544      0.114704631    
       78000   0.00000000      0.487268507      0.102489576    
       79000   0.00000000      0.497962952      0.101214819    
       80000   0.00000000      0.508842587      0.110477589    
       81000   0.00000000      0.496666670       9.87126604E-02
       82000   0.00000000      0.502638876      0.107746445    
       83000   0.00000000      0.508611083      0.106406301    
       84000   0.00000000      0.503240764      0.116144180    
       85000   0.00000000      0.495046288      0.103775822    
       86000   0.00000000      0.493240744      0.102485068    
       87000   0.00000000      0.490324080      0.101210363    
       88000   0.00000000      0.510231495      0.110472731    
       89000   0.00000000      0.488750011       9.87083316E-02
       90000   0.00000000      0.504166663      0.107741714    
       91000   0.00000000      0.521064818      0.106401622    
       92000   0.00000000      0.521342576      0.105078205    
       93000   0.00000000      0.531805575      0.103771247    
       94000   0.00000000      0.500046313      0.113267966    
       95000   0.00000000      0.489768505      0.101205885    
       96000   0.00000000      0.501296282      0.110467851    
       97000   0.00000000      0.508287013      0.109093852    
       98000   0.00000000      0.503287017      0.107736953    
       99000   0.00000000      0.513194442      0.106396928    
      100000   0.00000000      0.486805558      0.105073556    
      101000   0.00000000      0.527453721      0.103766657    
      102000   0.00000000      0.501203716      0.113262966    
      103000   0.00000000      0.492638886      0.101201430    
      104000   0.00000000      0.494444430       9.99426991E-02
      105000   0.00000000      0.515092611      0.109089047    
      106000   0.00000000      0.497083336       9.74720046E-02
      107000   0.00000000      0.489629626      0.106392242    
      108000   0.00000000      0.490462959      0.105068944    
      109000   0.00000000      0.515509248      0.103762098    
      110000   0.00000000      0.496018529      0.102471516    
      111000   0.00000000      0.481851846      0.101196982    
      112000   0.00000000      0.488888890       9.99383032E-02
      113000   0.00000000      0.506157398      0.109084256    
      114000   0.00000000      0.492870361       9.74677205E-02
      115000   0.00000000      0.515972197      0.106387571    
      116000   0.00000000      0.513935208      0.105064332    
      117000   0.00000000      0.477407396      0.103757545    
      118000   0.00000000      0.494583338      0.102467015    
      119000   0.00000000      0.495046288      0.101192541    
      120000   0.00000000      0.493703693       9.99339148E-02
      121000   0.00000000      0.508240759      0.109079458    
      122000   0.00000000      0.471342593      0.107722737    
      123000   0.00000000      0.514675915      0.106382899    
      124000   0.00000000      0.521435201      0.105059721    
      125000   0.00000000      0.529120386      0.103752993    
      126000   0.00000000      0.502129614      0.113248050    
      127000   0.00000000      0.487638891      0.101188101    
      128000   0.00000000      0.492407411       9.99295339E-02
      129000   0.00000000      0.491851866       9.86866131E-02
      130000   0.00000000      0.500879645      0.107718013    
      131000   0.00000000      0.504814804      0.106378220    
      132000   0.00000000      0.512962937      0.105055086    
      133000   0.00000000      0.491018504      0.103748418    
      134000   0.00000000      0.519074082      0.102458000    
      135000   0.00000000      0.497361124      0.101183631    
      136000   0.00000000      0.511296272      0.110443540    
      137000   0.00000000      0.507499993      0.109069861    
      138000   0.00000000      0.526157379      0.107713245    
      139000   0.00000000      0.504398167      0.106373511    
      140000   0.00000000      0.508518517      0.105050430    
      141000   0.00000000      0.475138903      0.103743814    
      142000   0.00000000      0.504907429      0.113238029    
      143000   0.00000000      0.498703718      0.101179145    
      144000   0.00000000      0.501111090      0.110438637    
      145000   0.00000000      0.487361103       9.86778662E-02
      146000   0.00000000      0.476620376      0.107708462    
      147000   0.00000000      0.481157422      0.106368788    
      148000   0.00000000      0.520046294      0.105045781    
      149000   0.00000000      0.488101840      0.103739232    
      150000   0.00000000      0.486805558      0.102448925    
      151000   0.00000000      0.508287013      0.111824639    
      152000   0.00000000      0.500000000       9.99162719E-02
      153000   0.00000000      0.506944418      0.109060206    
      154000   0.00000000      0.481296301      0.107703716    
      155000   0.00000000      0.500138879      0.106364086    
      156000   0.00000000      0.505648136      0.116098098    
      157000   0.00000000      0.510833323      0.103734650    
      158000   0.00000000      0.492037028      0.102444403    
      159000   0.00000000      0.509675920      0.111819692    
      160000   0.00000000      0.501342595      0.110428900    
      161000   0.00000000      0.489861101       9.86691713E-02
      162000   0.00000000      0.524027765      0.107698977    
      163000   0.00000000      0.494490743       9.62299630E-02
      164000   0.00000000      0.482685179      0.105036534    
      165000   0.00000000      0.503750026      0.114649050    
      166000   0.00000000      0.518379629      0.102439903    
      167000   0.00000000      0.495694458      0.101165771    
      168000   0.00000000      0.499953717       9.99074653E-02
      169000   0.00000000      0.498796284       9.86648202E-02
      170000   0.00000000      0.508379638      0.107694224    
      171000   0.00000000      0.510833323      0.106354728    
      172000   0.00000000      0.508333325      0.105031900    
      173000   0.00000000      0.485972226      0.103725530    
      174000   0.00000000      0.495879620      0.102435395    
      175000   0.00000000      0.499583334      0.101161316    
      176000   0.00000000      0.497129619       9.99030694E-02
      177000   0.00000000      0.496712953       9.86604840E-02
      178000   0.00000000      0.481759250      0.107689492    
      179000   0.00000000      0.484027773      0.106350042    
      180000   0.00000000      0.479999989      0.105027266    
      181000   0.00000000      0.483333319      0.103720941    
      182000   0.00000000      0.518981457      0.102430865    
      183000   0.00000000      0.535046279      0.101156831    
      184000   0.00000000      0.491296291       9.98986438E-02
      185000   0.00000000      0.502453685      0.109040961    
      186000   0.00000000      0.513611138      0.107684702    
      187000   0.00000000      0.471018523      0.106345318    
      188000   0.00000000      0.516018510      0.105022594    
      189000   0.00000000      0.474120378      0.103716321    
      190000   0.00000000      0.496250004      0.102426298    
      191000   0.00000000      0.488657415      0.101152323    
      192000   0.00000000      0.486898154       9.98941958E-02
      193000   0.00000000      0.495046288       9.86517146E-02
      194000   0.00000000      0.519583344      0.107679918    
      195000   0.00000000      0.484444439      0.106340609    
      196000   0.00000000      0.485416681      0.105017945    
      197000   0.00000000      0.508611083      0.103711739    
      198000   0.00000000      0.500000000      0.102421768    
      199000   0.00000000      0.498333335      0.101147845    
      200000   0.00000000      0.510601878      0.110404484    
      201000   0.00000000      0.502268493      0.109031282    
      202000   0.00000000      0.499074072       9.74203795E-02
      203000   0.00000000      0.514675915      0.106335893    
      204000   0.00000000      0.491111100      0.105013296    
      205000   0.00000000      0.518611133      0.103707150    
      206000   0.00000000      0.490138888      0.102417246    
      207000   0.00000000      0.503055573      0.111790054    
      208000   0.00000000      0.500972211      0.110399611    
      209000   0.00000000      0.491759270       9.86430049E-02
      210000   0.00000000      0.500740767      0.107670397    
 DONE ALL CONFIGURATIONS
 DONE SAVING CONFIG FINAL
 CLEAR MEMORY
  0.699999988       3.67104030    
 GDR DONE, SAVE
 GDR DONE CALC
 DONE
 ===================================================================
946.20user 8.02system 18:44.35elapsed 84%CPU (0avgtext+0avgdata 7472maxresident)k
8inputs+12656outputs (0major+1380minor)pagefaults 0swaps
