 =============================================================================
 NUMERO DE PARTICULAS
         216
 CONCENTRACION REDUCIDA
  0.899999976    
 NUMERO DE CICLOS
      210000
 MONITOREO EN PANTALLA (CADA CAUNTOS CICLOS)
        1000
 NUMERO DE PASOS PARA GUARDAR CONFIGURACION
         100
 FRECUENCIA DE CORRECCION EN DESPLAZAMIENTO
         100
 =============================================================================
 LONGITUD DE LA CELDA:   6.21446514    
 TOTAL DE PARTICULAS COLOCADAS EN LA CELDA:         216
 CONFIGURACION INICIAL LISTA
 ENERGIA DE LA CONFIGURACION INICIAL:   0.00000000    
 =============================================================================
 |CONFIG||ENERGIA PARTICULA||RATIO||DR|
        1000   0.00000000      0.400231481       5.98736815E-02
        2000   0.00000000      0.501759231       5.34976386E-02
        3000   0.00000000      0.510833323       5.28322384E-02
        4000   0.00000000      0.524953723       5.21751158E-02
        5000   0.00000000      0.479722232       5.15261628E-02
        6000   0.00000000      0.483148158       5.08852825E-02
        7000   0.00000000      0.539722204       5.02523705E-02
        8000   0.00000000      0.492731482       4.96273376E-02
        9000   0.00000000      0.482268512       4.90100756E-02
       10000   0.00000000      0.503148139       5.34952767E-02
       11000   0.00000000      0.502129614       5.28299101E-02
       12000   0.00000000      0.486111104       4.72039729E-02
       13000   0.00000000      0.502824068       5.15238829E-02
       14000   0.00000000      0.495879620       4.60370332E-02
       15000   0.00000000      0.503611088       5.02501577E-02
       16000   0.00000000      0.488472223       4.96251471E-02
       17000   0.00000000      0.499444455       4.90079187E-02
       18000   0.00000000      0.492685199       4.83983606E-02
       19000   0.00000000      0.510370374       5.28275743E-02
       20000   0.00000000      0.510462940       5.21705076E-02
       21000   0.00000000      0.512638867       5.15216179E-02
       22000   0.00000000      0.461851865       5.08807935E-02
       23000   0.00000000      0.499537051       5.02479412E-02
       24000   0.00000000      0.491527766       4.96229641E-02
       25000   0.00000000      0.493379623       4.90057580E-02
       26000   0.00000000      0.485787034       4.83962260E-02
       27000   0.00000000      0.499027789       4.77942824E-02
       28000   0.00000000      0.489583343       4.71998230E-02
       29000   0.00000000      0.513842583       5.15193604E-02
       30000   0.00000000      0.519861102       5.08785620E-02
       31000   0.00000000      0.495000005       5.02457358E-02
       32000   0.00000000      0.486620367       4.96207811E-02
       33000   0.00000000      0.492546290       4.90035973E-02
       34000   0.00000000      0.507916689       5.34882136E-02
       35000   0.00000000      0.496018529       4.77921776E-02
       36000   0.00000000      0.513472199       5.21659218E-02
       37000   0.00000000      0.512824059       5.15170880E-02
       38000   0.00000000      0.504722238       5.08763157E-02
       39000   0.00000000      0.495740741       5.02435230E-02
       40000   0.00000000      0.484953701       4.96185981E-02
       41000   0.00000000      0.504490733       5.41594848E-02
       42000   0.00000000      0.509953678       5.34858517E-02
       43000   0.00000000      0.505277753       5.28206006E-02
       44000   0.00000000      0.516250014       5.21636158E-02
       45000   0.00000000      0.490509272       5.15148044E-02
       46000   0.00000000      0.514861107       5.08740582E-02
       47000   0.00000000      0.489722222       5.02412915E-02
       48000   0.00000000      0.488657415       4.96163890E-02
       49000   0.00000000      0.486064821       4.89992611E-02
       50000   0.00000000      0.487962961       4.83898036E-02
       51000   0.00000000      0.497361124       4.77879345E-02
       52000   0.00000000      0.490324080       4.71935533E-02
       53000   0.00000000      0.498611122       4.66065668E-02
       54000   0.00000000      0.520648122       5.08718044E-02
       55000   0.00000000      0.500416696       5.02390638E-02
       56000   0.00000000      0.487962961       4.96141948E-02
       57000   0.00000000      0.491157413       4.89970967E-02
       58000   0.00000000      0.487361103       4.83876728E-02
       59000   0.00000000      0.500555575       5.28159142E-02
       60000   0.00000000      0.489027768       4.71914709E-02
       61000   0.00000000      0.502268493       5.15102409E-02
       62000   0.00000000      0.484907418       5.08695543E-02
       63000   0.00000000      0.489074081       5.02368398E-02
       64000   0.00000000      0.536018491       4.96120006E-02
       65000   0.00000000      0.488750011       4.89949323E-02
       66000   0.00000000      0.502037048       4.83855307E-02
       67000   0.00000000      0.508240759       5.28135747E-02
       68000   0.00000000      0.476388901       5.21566793E-02
       69000   0.00000000      0.500000000       4.66024429E-02
       70000   0.00000000      0.508194447       5.08673079E-02
       71000   0.00000000      0.474027783       5.02346233E-02
       72000   0.00000000      0.481249988       4.96098064E-02
       73000   0.00000000      0.515972197       4.89927642E-02
       74000   0.00000000      0.490879625       4.83833961E-02
       75000   0.00000000      0.515694439       5.28112464E-02
       76000   0.00000000      0.493981481       5.21543808E-02
       77000   0.00000000      0.516157389       5.15056923E-02
       78000   0.00000000      0.480462968       5.08650616E-02
       79000   0.00000000      0.526018500       5.02324030E-02
       80000   0.00000000      0.493287027       4.96076122E-02
       81000   0.00000000      0.521250010       4.89905924E-02
       82000   0.00000000      0.486759245       4.83812504E-02
       83000   0.00000000      0.499120384       4.77794893E-02
       84000   0.00000000      0.477083325       5.21520711E-02
       85000   0.00000000      0.524907410       5.15034087E-02
       86000   0.00000000      0.496712953       5.08628115E-02
       87000   0.00000000      0.476990730       5.02301827E-02
       88000   0.00000000      0.490370363       4.96054254E-02
       89000   0.00000000      0.486435175       4.89884391E-02
       90000   0.00000000      0.529999971       4.83791269E-02
       91000   0.00000000      0.511712968       5.28065898E-02
       92000   0.00000000      0.499537051       4.71831374E-02
       93000   0.00000000      0.524999976       5.15011437E-02
       94000   0.00000000      0.506527781       5.08605689E-02
       95000   0.00000000      0.485648155       5.02279699E-02
       96000   0.00000000      0.504814804       4.96032387E-02
       97000   0.00000000      0.509490728       5.41427247E-02
       98000   0.00000000      0.502546310       5.34693003E-02
       99000   0.00000000      0.509305537       5.28042465E-02
      100000   0.00000000      0.504305542       5.21474704E-02
      101000   0.00000000      0.503981471       5.14988638E-02
      102000   0.00000000      0.484166652       5.08583225E-02
      103000   0.00000000      0.468518525       5.02257496E-02
      104000   0.00000000      0.477175921       4.96010482E-02
      105000   0.00000000      0.488935173       4.89841104E-02
      106000   0.00000000      0.494351864       4.83748429E-02
      107000   0.00000000      0.521851838       5.28019145E-02
      108000   0.00000000      0.494583338       5.21451719E-02
      109000   0.00000000      0.506898165       5.14965914E-02
      110000   0.00000000      0.521851838       5.08560762E-02
      111000   0.00000000      0.473472208       5.02235293E-02
      112000   0.00000000      0.483425915       4.95988503E-02
      113000   0.00000000      0.512499988       5.41379377E-02
      114000   0.00000000      0.502083361       5.34645729E-02
      115000   0.00000000      0.515601873       5.27995862E-02
      116000   0.00000000      0.517777801       5.21428697E-02
      117000   0.00000000      0.476666659       5.14943264E-02
      118000   0.00000000      0.475092590       5.08538410E-02
      119000   0.00000000      0.468379617       5.02213240E-02
      120000   0.00000000      0.477546304       4.95966747E-02
      121000   0.00000000      0.488472223       4.89797927E-02
      122000   0.00000000      0.509953678       5.34622259E-02
      123000   0.00000000      0.515462935       5.27972616E-02
      124000   0.00000000      0.508194447       5.21405786E-02
      125000   0.00000000      0.502870381       5.14920577E-02
      126000   0.00000000      0.508333325       5.08516021E-02
      127000   0.00000000      0.518564820       5.02191149E-02
      128000   0.00000000      0.510509253       4.95944917E-02
      129000   0.00000000      0.510046303       5.41331768E-02
      130000   0.00000000      0.494398147       4.83684577E-02
      131000   0.00000000      0.522916675       4.77668568E-02
      132000   0.00000000      0.476249993       5.21382876E-02
      133000   0.00000000      0.503425896       5.14897928E-02
      134000   0.00000000      0.486064821       5.08493632E-02
      135000   0.00000000      0.474351853       5.02168983E-02
      136000   0.00000000      0.523518503       4.95923050E-02
      137000   0.00000000      0.492592603       4.89754826E-02
      138000   0.00000000      0.504444420       5.34575209E-02
      139000   0.00000000      0.492083341       4.77647521E-02
      140000   0.00000000      0.487777770       4.71706539E-02
      141000   0.00000000      0.471944451       5.14875203E-02
      142000   0.00000000      0.495046288       4.60045375E-02
      143000   0.00000000      0.479999989       5.02146855E-02
      144000   0.00000000      0.488333344       4.95901145E-02
      145000   0.00000000      0.500462949       5.41284010E-02
      146000   0.00000000      0.483240753       4.83641885E-02
      147000   0.00000000      0.495833337       4.77626435E-02
      148000   0.00000000      0.520462990       5.21336906E-02
      149000   0.00000000      0.476527780       5.14852591E-02
      150000   0.00000000      0.519953728       5.08448817E-02
      151000   0.00000000      0.522453725       5.02124690E-02
      152000   0.00000000      0.522962987       4.95879315E-02
      153000   0.00000000      0.484722227       4.89711612E-02
      154000   0.00000000      0.508287013       5.34527972E-02
      155000   0.00000000      0.502037048       5.27879559E-02
      156000   0.00000000      0.507361114       5.21313846E-02
      157000   0.00000000      0.500231504       5.14829755E-02
      158000   0.00000000      0.502777755       5.08426353E-02
      159000   0.00000000      0.494814813       5.02102561E-02
      160000   0.00000000      0.480462968       4.95857410E-02
      161000   0.00000000      0.495925933       4.89689931E-02
      162000   0.00000000      0.502824068       5.34504391E-02
      163000   0.00000000      0.492407411       4.77584265E-02
      164000   0.00000000      0.502824068       5.21290861E-02
      165000   0.00000000      0.505740762       5.14807105E-02
      166000   0.00000000      0.484212965       4.59984578E-02
      167000   0.00000000      0.509722233       5.02080508E-02
      168000   0.00000000      0.523888886       4.95835654E-02
      169000   0.00000000      0.489953697       4.89668511E-02
      170000   0.00000000      0.496712953       4.83578034E-02
      171000   0.00000000      0.502731502       5.27833216E-02
      172000   0.00000000      0.475879639       4.71623503E-02
      173000   0.00000000      0.473657399       5.14784567E-02
      174000   0.00000000      0.526620388       5.08381650E-02
      175000   0.00000000      0.486435175       5.02058454E-02
      176000   0.00000000      0.494583338       4.95813824E-02
      177000   0.00000000      0.492361099       4.89646904E-02
      178000   0.00000000      0.500509262       5.34457304E-02
      179000   0.00000000      0.512499988       5.27809784E-02
      180000   0.00000000      0.505046308       5.21244891E-02
      181000   0.00000000      0.496250004       5.14761657E-02
      182000   0.00000000      0.496574074       5.08359037E-02
      183000   0.00000000      0.484537035       5.02036139E-02
      184000   0.00000000      0.521574080       4.95791808E-02
      185000   0.00000000      0.497268528       4.89625148E-02
      186000   0.00000000      0.493101865       4.83535193E-02
      187000   0.00000000      0.475833327       5.27786389E-02
      188000   0.00000000      0.528009236       4.71581668E-02
      189000   0.00000000      0.492314816       4.65716198E-02
      190000   0.00000000      0.485231489       5.08336611E-02
      191000   0.00000000      0.495462954       5.02013937E-02
      192000   0.00000000      0.490416676       4.95769940E-02
      193000   0.00000000      0.475277781       4.89603616E-02
      194000   0.00000000      0.488148153       4.83513959E-02
      195000   0.00000000      0.491666675       4.77500074E-02
      196000   0.00000000      0.525925934       5.21198921E-02
      197000   0.00000000      0.511666656       5.14716245E-02
      198000   0.00000000      0.478703707       5.08314222E-02
      199000   0.00000000      0.485092580       5.01991883E-02
      200000   0.00000000      0.506111085       4.95748110E-02
      201000   0.00000000      0.502037048       5.41116968E-02
      202000   0.00000000      0.478796303       4.83492687E-02
      203000   0.00000000      0.516018510       5.27739897E-02
      204000   0.00000000      0.524490714       5.21175899E-02
      205000   0.00000000      0.498518527       5.14693521E-02
      206000   0.00000000      0.515694439       5.08291833E-02
      207000   0.00000000      0.526898146       5.01969680E-02
      208000   0.00000000      0.495787024       4.95726205E-02
      209000   0.00000000      0.482268512       4.89560366E-02
      210000   0.00000000      0.505555570       5.34362905E-02
 DONE ALL CONFIGURATIONS
 DONE SAVING CONFIG FINAL
 CLEAR MEMORY
  0.899999976       8.17500019    
 GDR DONE, SAVE
 GDR DONE CALC
 DONE
 ===================================================================
941.10user 1.17system 15:48.53elapsed 99%CPU (0avgtext+0avgdata 7444maxresident)k
0inputs+12624outputs (0major+1381minor)pagefaults 0swaps
