 =============================================================================
 NUMERO DE PARTICULAS
         216
 CONCENTRACION REDUCIDA
  0.100000001    
 NUMERO DE CICLOS
      101000
 MONITOREO EN PANTALLA (CADA CAUNTOS CICLOS)
        1000
 NUMERO DE PASOS PARA GUARDAR CONFIGURACION
         100
 FRECUENCIA DE CORRECCION EN DESPLAZAMIENTO
         100
 =============================================================================
 LONGITUD DE LA CELDA:   12.9266090    
 CONFIGURACION INICIAL LISTA
 ENERGIA DE LA CONFIGURACION INICIAL:   0.00000000    
 =============================================================================
 |CONFIG||ENERGIA PARTICULA||RATIO||DR|
        1000   0.00000000      0.954675913      0.147376105    
        2000   0.00000000      0.950555563      0.145543039    
        3000   0.00000000      0.955324054      0.143732786    
        4000   0.00000000      0.954444468      0.141945049    
        5000   0.00000000      0.949629605      0.154935271    
        6000   0.00000000      0.945138872      0.153008193    
        7000   0.00000000      0.957407415      0.151105091    
        8000   0.00000000      0.947731495      0.135013670    
        9000   0.00000000      0.945648134      0.162882164    
       10000   0.00000000      0.950601876      0.160856232    
       11000   0.00000000      0.941666663      0.158855513    
       12000   0.00000000      0.945231497      0.141938776    
       13000   0.00000000      0.955555558      0.140173331    
       14000   0.00000000      0.951574087      0.153001398    
       15000   0.00000000      0.955231488      0.151098385    
       16000   0.00000000      0.953333318      0.164926291    
       17000   0.00000000      0.952268541      0.162874922    
       18000   0.00000000      0.947546303      0.145530149    
       19000   0.00000000      0.955833316      0.158848494    
       20000   0.00000000      0.945879638      0.141932502    
       21000   0.00000000      0.952638865      0.140167132    
       22000   0.00000000      0.946111083      0.138423741    
       23000   0.00000000      0.958333313      0.136702031    
       24000   0.00000000      0.944351852      0.149212435    
       25000   0.00000000      0.949953675      0.147356525    
       26000   0.00000000      0.954768538      0.145523712    
       27000   0.00000000      0.949212968      0.143713713    
       28000   0.00000000      0.949490726      0.141926214    
       29000   0.00000000      0.950092614      0.154914722    
       30000   0.00000000      0.943101823      0.138417631    
       31000   0.00000000      0.952222228      0.166988730    
       32000   0.00000000      0.945046306      0.134995803    
       33000   0.00000000      0.954027772      0.162860617    
       34000   0.00000000      0.952499986      0.145517349    
       35000   0.00000000      0.953101873      0.158834517    
       36000   0.00000000      0.954027772      0.156858921    
       37000   0.00000000      0.946481466      0.140154794    
       38000   0.00000000      0.950509250      0.169084489    
       39000   0.00000000      0.949166656      0.151078418    
       40000   0.00000000      0.945972204      0.149199307    
       41000   0.00000000      0.946944416      0.133310884    
       42000   0.00000000      0.950462937      0.177757159    
       43000   0.00000000      0.942731500      0.143701121    
       44000   0.00000000      0.950277805      0.156852052    
       45000   0.00000000      0.941851854      0.154901132    
       46000   0.00000000      0.944120347      0.152974471    
       47000   0.00000000      0.950462937      0.166974053    
       48000   0.00000000      0.959120393      0.149192780    
       49000   0.00000000      0.947638869      0.162846312    
       50000   0.00000000      0.944861114      0.145504549    
       51000   0.00000000      0.948472202      0.143694773    
       52000   0.00000000      0.953148127      0.156845108    
       53000   0.00000000      0.937824070      0.154894263    
       54000   0.00000000      0.956342578      0.152967662    
       55000   0.00000000      0.945787013      0.151065066    
       56000   0.00000000      0.946064830      0.134977937    
       57000   0.00000000      0.946342587      0.147330567    
       58000   0.00000000      0.949074090      0.145498082    
       59000   0.00000000      0.952037036      0.143688381    
       60000   0.00000000      0.948240757      0.141901165    
       61000   0.00000000      0.949999988      0.140136212    
       62000   0.00000000      0.952592611      0.138393208    
       63000   0.00000000      0.949351847      0.151058406    
       64000   0.00000000      0.959120393      0.149179533    
       65000   0.00000000      0.945416689      0.147324041    
       66000   0.00000000      0.953055561      0.145491630    
       67000   0.00000000      0.943194449      0.158806413    
       68000   0.00000000      0.957870364      0.141894892    
       69000   0.00000000      0.952638865      0.154880539    
       70000   0.00000000      0.954351842      0.152954146    
       71000   0.00000000      0.946250021      0.151051700    
       72000   0.00000000      0.949074090      0.134966001    
       73000   0.00000000      0.951435208      0.179964080    
       74000   0.00000000      0.953379631      0.145485207    
       75000   0.00000000      0.956666648      0.158799395    
       76000   0.00000000      0.955138862      0.156824261    
       77000   0.00000000      0.957592607      0.154873699    
       78000   0.00000000      0.949027777      0.138380975    
       79000   0.00000000      0.951296270      0.151045039    
       80000   0.00000000      0.949305534      0.134960026    
       81000   0.00000000      0.957175910      0.147311017    
       82000   0.00000000      0.951944470      0.160792306    
       83000   0.00000000      0.951018512      0.158792377    
       84000   0.00000000      0.953750014      0.141882345    
       85000   0.00000000      0.954999983      0.126773074    
       86000   0.00000000      0.950092614      0.152940601    
       87000   0.00000000      0.948703706      0.151038334    
       88000   0.00000000      0.943842590      0.134954035    
       89000   0.00000000      0.946851850      0.147304475    
       90000   0.00000000      0.953472197      0.160785183    
       91000   0.00000000      0.951944470      0.143662944    
       92000   0.00000000      0.951481462      0.156810388    
       93000   0.00000000      0.948611140      0.140111431    
       94000   0.00000000      0.941666663      0.152933866    
       95000   0.00000000      0.946527779      0.151031688    
       96000   0.00000000      0.951574087      0.149153173    
       97000   0.00000000      0.945787013      0.133269623    
       98000   0.00000000      0.954120398      0.160778105    
       99000   0.00000000      0.958055556      0.143656611    
      100000   0.00000000      0.951481462      0.156803474    
      101000   0.00000000      0.938518524      0.154853150    
 DONE ALL CONFIGURATIONS
 DONE SAVING CONFIG FINAL
 CLEAR MEMORY
  0.100000001      0.123632066    
 GDR DONE, SAVE
 GDR DONE CALC
 DONE
 ===================================================================
 =============================================================================
 NUMERO DE PARTICULAS
         216
 CONCENTRACION REDUCIDA
  0.200000003    
 NUMERO DE CICLOS
      101000
 MONITOREO EN PANTALLA (CADA CAUNTOS CICLOS)
        1000
 NUMERO DE PASOS PARA GUARDAR CONFIGURACION
         100
 FRECUENCIA DE CORRECCION EN DESPLAZAMIENTO
         100
 =============================================================================
 LONGITUD DE LA CELDA:   10.2598562    
 CONFIGURACION INICIAL LISTA
 ENERGIA DE LA CONFIGURACION INICIAL:   0.00000000    
 =============================================================================
 |CONFIG||ENERGIA PARTICULA||RATIO||DR|
        1000   0.00000000      0.946388900       6.61761686E-02
        2000   0.00000000      0.950231493       6.53530806E-02
        3000   0.00000000      0.945833325       6.45402223E-02
        4000   0.00000000      0.946064830       6.37374818E-02
        5000   0.00000000      0.946712971       6.95704818E-02
        6000   0.00000000      0.953842580       6.21618070E-02
        7000   0.00000000      0.950416684       7.49927610E-02
        8000   0.00000000      0.946759284       6.06250875E-02
        9000   0.00000000      0.943379641       5.98710366E-02
       10000   0.00000000      0.950138867       6.53501898E-02
       11000   0.00000000      0.947916687       6.45373687E-02
       12000   0.00000000      0.951018512       7.04435632E-02
       13000   0.00000000      0.952638865       6.29419312E-02
       14000   0.00000000      0.950833321       6.21590614E-02
       15000   0.00000000      0.950740755       6.78475946E-02
       16000   0.00000000      0.954629600       6.70037121E-02
       17000   0.00000000      0.955324054       5.98683879E-02
       18000   0.00000000      0.952083349       6.53472990E-02
       19000   0.00000000      0.947638869       5.83883785E-02
       20000   0.00000000      0.952824056       6.37318417E-02
       21000   0.00000000      0.951250017       6.29391521E-02
       22000   0.00000000      0.944629610       6.21563271E-02
       23000   0.00000000      0.950370371       6.78446218E-02
       24000   0.00000000      0.958148122       6.70007691E-02
       25000   0.00000000      0.945694447       6.61674216E-02
       26000   0.00000000      0.950092614       6.53444380E-02
       27000   0.00000000      0.957916677       5.83858192E-02
       28000   0.00000000      0.940601826       7.04373643E-02
       29000   0.00000000      0.945740759       6.29363880E-02
       30000   0.00000000      0.956759274       6.21535927E-02
       31000   0.00000000      0.948379636       6.78416267E-02
       32000   0.00000000      0.954074085       7.40502104E-02
       33000   0.00000000      0.957685173       6.61644936E-02
       34000   0.00000000      0.949444473       6.53415322E-02
       35000   0.00000000      0.953703701       6.45288154E-02
       36000   0.00000000      0.949861109       5.76570481E-02
       37000   0.00000000      0.953055561       6.29335791E-02
       38000   0.00000000      0.942731500       6.86930120E-02
       39000   0.00000000      0.945925951       5.55322878E-02
       40000   0.00000000      0.940138876       6.69948310E-02
       41000   0.00000000      0.952685177       6.61615580E-02
       42000   0.00000000      0.954166651       7.22163916E-02
       43000   0.00000000      0.946111083       6.45259619E-02
       44000   0.00000000      0.947777748       5.76544926E-02
       45000   0.00000000      0.944999993       6.29307926E-02
       46000   0.00000000      0.949999988       6.21480681E-02
       47000   0.00000000      0.949444473       6.13750741E-02
       48000   0.00000000      0.958888888       6.69918656E-02
       49000   0.00000000      0.951342583       7.31226876E-02
       50000   0.00000000      0.953148127       6.53357431E-02
       51000   0.00000000      0.955787063       6.45230934E-02
       52000   0.00000000      0.947222233       6.37205690E-02
       53000   0.00000000      0.945370376       6.95520192E-02
       54000   0.00000000      0.957916677       6.86869249E-02
       55000   0.00000000      0.950462937       6.78325891E-02
       56000   0.00000000      0.950694442       6.06089979E-02
       57000   0.00000000      0.957592607       6.61556944E-02
       58000   0.00000000      0.950138867       7.22099990E-02
       59000   0.00000000      0.953009248       7.13118613E-02
       60000   0.00000000      0.950787008       7.04248846E-02
       61000   0.00000000      0.952916682       6.29252344E-02
       62000   0.00000000      0.942962945       6.21425733E-02
       63000   0.00000000      0.950879633       7.49695599E-02
       64000   0.00000000      0.946296275       6.69859350E-02
       65000   0.00000000      0.942453682       5.98525070E-02
       66000   0.00000000      0.949305534       6.53299615E-02
       67000   0.00000000      0.949398160       6.45174086E-02
       68000   0.00000000      0.942314804       7.04217777E-02
       69000   0.00000000      0.946481466       6.29224554E-02
       70000   0.00000000      0.957453728       6.21398240E-02
       71000   0.00000000      0.945648134       6.13669381E-02
       72000   0.00000000      0.947314799       6.06036559E-02
       73000   0.00000000      0.952916682       6.61498457E-02
       74000   0.00000000      0.949027777       5.91054633E-02
       75000   0.00000000      0.946111083       5.83703108E-02
       76000   0.00000000      0.952037036       7.04186559E-02
       77000   0.00000000      0.952361107       6.29196763E-02
       78000   0.00000000      0.954305530       6.21370859E-02
       79000   0.00000000      0.961250007       6.13642298E-02
       80000   0.00000000      0.950972199       6.69800192E-02
       81000   0.00000000      0.948750019       5.41474856E-02
       82000   0.00000000      0.951620400       7.22004250E-02
       83000   0.00000000      0.946388900       6.45116866E-02
       84000   0.00000000      0.948055565       6.37092963E-02
       85000   0.00000000      0.949444473       6.29168823E-02
       86000   0.00000000      0.952777803       6.21343255E-02
       87000   0.00000000      0.955324054       6.13614991E-02
       88000   0.00000000      0.944907427       6.05982915E-02
       89000   0.00000000      0.954629600       5.98445721E-02
       90000   0.00000000      0.946481466       6.53213039E-02
       91000   0.00000000      0.947824061       5.83651364E-02
       92000   0.00000000      0.948703706       6.37064800E-02
       93000   0.00000000      0.951064825       6.95366412E-02
       94000   0.00000000      0.955694437       6.86717480E-02
       95000   0.00000000      0.948657393       6.13587946E-02
       96000   0.00000000      0.957824051       6.05956167E-02
       97000   0.00000000      0.949074090       5.98419309E-02
       98000   0.00000000      0.952129602       6.53184205E-02
       99000   0.00000000      0.944999993       6.45060018E-02
      100000   0.00000000      0.945370376       5.76366633E-02
      101000   0.00000000      0.945972204       6.29113391E-02
 DONE ALL CONFIGURATIONS
 DONE SAVING CONFIG FINAL
 CLEAR MEMORY
  0.200000003      0.307892144    
 GDR DONE, SAVE
 GDR DONE CALC
 DONE
 ===================================================================
 =============================================================================
 NUMERO DE PARTICULAS
         216
 CONCENTRACION REDUCIDA
  0.300000012    
 NUMERO DE CICLOS
      101000
 MONITOREO EN PANTALLA (CADA CAUNTOS CICLOS)
        1000
 NUMERO DE PASOS PARA GUARDAR CONFIGURACION
         100
 FRECUENCIA DE CORRECCION EN DESPLAZAMIENTO
         100
 =============================================================================
 LONGITUD DE LA CELDA:   8.96281052    
 CONFIGURACION INICIAL LISTA
 ENERGIA DE LA CONFIGURACION INICIAL:   0.00000000    
 =============================================================================
 |CONFIG||ENERGIA PARTICULA||RATIO||DR|
        1000   0.00000000      0.810694456      0.162889376    
        2000   0.00000000      0.705555558      0.265329510    
        3000   0.00000000      0.584999979      0.432193637    
        4000   0.00000000      0.480972230      0.521403730    
        5000   0.00000000      0.485185176      0.514918447    
        6000   0.00000000      0.495555550      0.508513927    
        7000   0.00000000      0.494583338      0.502189159    
        8000   0.00000000      0.502962947      0.548147380    
        9000   0.00000000      0.513703704      0.541329682    
       10000   0.00000000      0.515138865      0.534596622    
       11000   0.00000000      0.470509261      0.527947366    
       12000   0.00000000      0.485555559      0.521380842    
       13000   0.00000000      0.488703698      0.514895916    
       14000   0.00000000      0.493194431      0.508491695    
       15000   0.00000000      0.494768530      0.502167046    
       16000   0.00000000      0.493842602      0.495921075    
       17000   0.00000000      0.511250019      0.541305780    
       18000   0.00000000      0.477777779      0.534573078    
       19000   0.00000000      0.515138865      0.527924001    
       20000   0.00000000      0.487962961      0.521357656    
       21000   0.00000000      0.479861110      0.514873028    
       22000   0.00000000      0.501712978      0.561992168    
       23000   0.00000000      0.492685199      0.502144754    
       24000   0.00000000      0.500370383      0.548098981    
       25000   0.00000000      0.512222230      0.541281819    
       26000   0.00000000      0.480740726      0.534549475    
       27000   0.00000000      0.516203701      0.527900755    
       28000   0.00000000      0.517453730      0.521334767    
       29000   0.00000000      0.489814818      0.514850438    
       30000   0.00000000      0.490092605      0.508446753    
       31000   0.00000000      0.491203696      0.502122760    
       32000   0.00000000      0.504722238      0.548075020    
       33000   0.00000000      0.518009245      0.541258097    
       34000   0.00000000      0.512222230      0.534525990    
       35000   0.00000000      0.511666656      0.527877569    
       36000   0.00000000      0.485509247      0.521311879    
       37000   0.00000000      0.493148148      0.514827788    
       38000   0.00000000      0.497824073      0.508424342    
       39000   0.00000000      0.493379623      0.502100587    
       40000   0.00000000      0.494490743      0.495855451    
       41000   0.00000000      0.504814804      0.541234076    
       42000   0.00000000      0.516064823      0.534502327    
       43000   0.00000000      0.511990726      0.527854204    
       44000   0.00000000      0.484166652      0.521288753    
       45000   0.00000000      0.495324075      0.514805079    
       46000   0.00000000      0.488842607      0.508401990    
       47000   0.00000000      0.500694454      0.554928839    
       48000   0.00000000      0.504259288      0.548026681    
       49000   0.00000000      0.505231500      0.541210413    
       50000   0.00000000      0.512175918      0.534478962    
       51000   0.00000000      0.484768510      0.527831078    
       52000   0.00000000      0.491018504      0.521265924    
       53000   0.00000000      0.484537035      0.514782488    
       54000   0.00000000      0.493472219      0.508379698    
       55000   0.00000000      0.495138884      0.502056479    
       56000   0.00000000      0.510138869      0.548002601    
       57000   0.00000000      0.513750017      0.541186631    
       58000   0.00000000      0.511620343      0.534455419    
       59000   0.00000000      0.510324061      0.527807832    
       60000   0.00000000      0.492824078      0.521242917    
       61000   0.00000000      0.487777770      0.514759779    
       62000   0.00000000      0.524490714      0.508357286    
       63000   0.00000000      0.503703713      0.554880083    
       64000   0.00000000      0.494907409      0.495790094    
       65000   0.00000000      0.507870376      0.541162848    
       66000   0.00000000      0.485138893      0.534431875    
       67000   0.00000000      0.517129600      0.527784705    
       68000   0.00000000      0.517037034      0.521220088    
       69000   0.00000000      0.485277772      0.514737248    
       70000   0.00000000      0.496111125      0.508334935    
       71000   0.00000000      0.502129614      0.554855645    
       72000   0.00000000      0.497916669      0.495768249    
       73000   0.00000000      0.509675920      0.541138887    
       74000   0.00000000      0.508287013      0.534408331    
       75000   0.00000000      0.512499988      0.527761340    
       76000   0.00000000      0.482222229      0.521197021    
       77000   0.00000000      0.490185171      0.514714301    
       78000   0.00000000      0.494490743      0.508312345    
       79000   0.00000000      0.494351864      0.501989961    
       80000   0.00000000      0.504027784      0.547930002    
       81000   0.00000000      0.508796275      0.541114867    
       82000   0.00000000      0.512407422      0.534384668    
       83000   0.00000000      0.515833318      0.527738035    
       84000   0.00000000      0.483194441      0.521174073    
       85000   0.00000000      0.489537030      0.514691651    
       86000   0.00000000      0.500740767      0.561794102    
       87000   0.00000000      0.508101881      0.554806530    
       88000   0.00000000      0.501620352      0.547905862    
       89000   0.00000000      0.508101881      0.541090965    
       90000   0.00000000      0.510787010      0.534361064    
       91000   0.00000000      0.512592614      0.527714789    
       92000   0.00000000      0.491620362      0.521151125    
       93000   0.00000000      0.494444430      0.514669061    
       94000   0.00000000      0.489444435      0.508267581    
       95000   0.00000000      0.497638881      0.501945674    
       96000   0.00000000      0.505324066      0.547881722    
       97000   0.00000000      0.506296277      0.541067183    
       98000   0.00000000      0.518287063      0.534337461    
       99000   0.00000000      0.485277772      0.527691424    
      100000   0.00000000      0.482268512      0.521127999    
      101000   0.00000000      0.496666670      0.514646113    
 DONE ALL CONFIGURATIONS
 DONE SAVING CONFIG FINAL
 CLEAR MEMORY
  0.300000012      0.579461038    
 GDR DONE, SAVE
 GDR DONE CALC
 DONE
 ===================================================================
 =============================================================================
 NUMERO DE PARTICULAS
         216
 CONCENTRACION REDUCIDA
  0.400000006    
 NUMERO DE CICLOS
      101000
 MONITOREO EN PANTALLA (CADA CAUNTOS CICLOS)
        1000
 NUMERO DE PASOS PARA GUARDAR CONFIGURACION
         100
 FRECUENCIA DE CORRECCION EN DESPLAZAMIENTO
         100
 =============================================================================
 LONGITUD DE LA CELDA:   8.14325333    
 CONFIGURACION INICIAL LISTA
 ENERGIA DE LA CONFIGURACION INICIAL:   0.00000000    
 =============================================================================
 |CONFIG||ENERGIA PARTICULA||RATIO||DR|
        1000   0.00000000      0.713425934      0.162889376    
        2000   0.00000000      0.595185161      0.265329510    
        3000   0.00000000      0.488796294      0.320096791    
        4000   0.00000000      0.502037048      0.349390745    
        5000   0.00000000      0.501759231      0.345045030    
        6000   0.00000000      0.516111135      0.340753347    
        7000   0.00000000      0.509861112      0.336515069    
        8000   0.00000000      0.474490732      0.332329482    
        9000   0.00000000      0.528333306      0.328196019    
       10000   0.00000000      0.488240749      0.324113935    
       11000   0.00000000      0.527824104      0.320082605    
       12000   0.00000000      0.492314816      0.316101432    
       13000   0.00000000      0.499722213      0.312169760    
       14000   0.00000000      0.505740762      0.340738237    
       15000   0.00000000      0.503750026      0.336500138    
       16000   0.00000000      0.505324066      0.332314759    
       17000   0.00000000      0.478240728      0.328181446    
       18000   0.00000000      0.487037033      0.324099541    
       19000   0.00000000      0.490694433      0.320068419    
       20000   0.00000000      0.483796299      0.316087455    
       21000   0.00000000      0.506898165      0.345014513    
       22000   0.00000000      0.518657386      0.340723217    
       23000   0.00000000      0.508796275      0.336485296    
       24000   0.00000000      0.476481467      0.332300127    
       25000   0.00000000      0.518935204      0.328167021    
       26000   0.00000000      0.488333344      0.324085265    
       27000   0.00000000      0.496759266      0.320054293    
       28000   0.00000000      0.503379643      0.349344313    
       29000   0.00000000      0.497870356      0.312142164    
       30000   0.00000000      0.512268543      0.340708137    
       31000   0.00000000      0.504490733      0.336470425    
       32000   0.00000000      0.517592609      0.332285404    
       33000   0.00000000      0.491481483      0.328152448    
       34000   0.00000000      0.518981457      0.324070930    
       35000   0.00000000      0.488425940      0.320040137    
       36000   0.00000000      0.481851846      0.316059500    
       37000   0.00000000      0.496527791      0.312128335    
       38000   0.00000000      0.504722238      0.340693057    
       39000   0.00000000      0.473935187      0.336455584    
       40000   0.00000000      0.512546301      0.332270741    
       41000   0.00000000      0.519999981      0.328137934    
       42000   0.00000000      0.495277792      0.324056596    
       43000   0.00000000      0.496620357      0.320026010    
       44000   0.00000000      0.495694458      0.316045552    
       45000   0.00000000      0.507083356      0.344968766    
       46000   0.00000000      0.507870376      0.340678006    
       47000   0.00000000      0.478981495      0.336440682    
       48000   0.00000000      0.512546301      0.332256049    
       49000   0.00000000      0.473148137      0.328123420    
       50000   0.00000000      0.491944432      0.324042261    
       51000   0.00000000      0.488379627      0.320011854    
       52000   0.00000000      0.502083361      0.349298030    
       53000   0.00000000      0.501944423      0.344953477    
       54000   0.00000000      0.508935213      0.340662986    
       55000   0.00000000      0.510787010      0.336425811    
       56000   0.00000000      0.515277803      0.332241356    
       57000   0.00000000      0.483240753      0.328108996    
       58000   0.00000000      0.490046293      0.324028045    
       59000   0.00000000      0.492222220      0.319997787    
       60000   0.00000000      0.492962956      0.316017658    
       61000   0.00000000      0.508981466      0.344938338    
       62000   0.00000000      0.511018515      0.340647995    
       63000   0.00000000      0.511620343      0.336410969    
       64000   0.00000000      0.513888896      0.332226694    
       65000   0.00000000      0.517175913      0.328094453    
       66000   0.00000000      0.483518511      0.324013650    
       67000   0.00000000      0.489027768      0.319983542    
       68000   0.00000000      0.485925913      0.316003591    
       69000   0.00000000      0.500787020      0.344922960    
       70000   0.00000000      0.502870381      0.340632796    
       71000   0.00000000      0.513055563      0.336396039    
       72000   0.00000000      0.510972202      0.332211941    
       73000   0.00000000      0.513425946      0.328079939    
       74000   0.00000000      0.487361103      0.323999345    
       75000   0.00000000      0.485370368      0.319969445    
       76000   0.00000000      0.487361103      0.315989643    
       77000   0.00000000      0.500185192      0.344907701    
       78000   0.00000000      0.502824068      0.340617746    
       79000   0.00000000      0.500879645      0.336381137    
       80000   0.00000000      0.515509248      0.332197249    
       81000   0.00000000      0.481666654      0.328065425    
       82000   0.00000000      0.492685199      0.323984921    
       83000   0.00000000      0.496435195      0.319955230    
       84000   0.00000000      0.496342599      0.315975606    
       85000   0.00000000      0.501342595      0.344892383    
       86000   0.00000000      0.506435156      0.340602636    
       87000   0.00000000      0.497916669      0.304331392    
       88000   0.00000000      0.511157393      0.332182586    
       89000   0.00000000      0.523055553      0.328050882    
       90000   0.00000000      0.519675910      0.323970646    
       91000   0.00000000      0.492500007      0.319941163    
       92000   0.00000000      0.498657405      0.315961778    
       93000   0.00000000      0.500972211      0.344877303    
       94000   0.00000000      0.508518517      0.340587735    
       95000   0.00000000      0.510092616      0.336351484    
       96000   0.00000000      0.505787015      0.332168013    
       97000   0.00000000      0.484768510      0.328036547    
       98000   0.00000000      0.486388892      0.323956430    
       99000   0.00000000      0.492129624      0.319927067    
      100000   0.00000000      0.503055573      0.349205434    
      101000   0.00000000      0.500462949      0.344861954    
 DONE ALL CONFIGURATIONS
 DONE SAVING CONFIG FINAL
 CLEAR MEMORY
  0.400000006      0.985931814    
 GDR DONE, SAVE
 GDR DONE CALC
 DONE
 ===================================================================
 =============================================================================
 NUMERO DE PARTICULAS
         216
 CONCENTRACION REDUCIDA
  0.500000000    
 NUMERO DE CICLOS
      101000
 MONITOREO EN PANTALLA (CADA CAUNTOS CICLOS)
        1000
 NUMERO DE PASOS PARA GUARDAR CONFIGURACION
         100
 FRECUENCIA DE CORRECCION EN DESPLAZAMIENTO
         100
 =============================================================================
 LONGITUD DE LA CELDA:   7.55952692    
 CONFIGURACION INICIAL LISTA
 ENERGIA DE LA CONFIGURACION INICIAL:   0.00000000    
 =============================================================================
 |CONFIG||ENERGIA PARTICULA||RATIO||DR|
        1000   0.00000000      0.604814827      0.162889376    
        2000   0.00000000      0.487916678      0.217197195    
        3000   0.00000000      0.518564820      0.214495704    
        4000   0.00000000      0.505046308      0.234125480    
        5000   0.00000000      0.510046303      0.231213436    
        6000   0.00000000      0.507407427      0.228337631    
        7000   0.00000000      0.502453685      0.225497589    
        8000   0.00000000      0.514074087      0.222692847    
        9000   0.00000000      0.478379637      0.219923019    
       10000   0.00000000      0.490185171      0.217187658    
       11000   0.00000000      0.520694435      0.214486286    
       12000   0.00000000      0.483564824      0.211818531    
       13000   0.00000000      0.495138884      0.209183961    
       14000   0.00000000      0.516805530      0.228327617    
       15000   0.00000000      0.499398142      0.204012662    
       16000   0.00000000      0.507175922      0.222683057    
       17000   0.00000000      0.522222221      0.219913363    
       18000   0.00000000      0.529074073      0.217178106    
       19000   0.00000000      0.493009269      0.214476869    
       20000   0.00000000      0.486666679      0.211809203    
       21000   0.00000000      0.492546290      0.209174708    
       22000   0.00000000      0.496712953      0.206573009    
       23000   0.00000000      0.510972202      0.225477725    
       24000   0.00000000      0.512916684      0.222673237    
       25000   0.00000000      0.480601847      0.219903648    
       26000   0.00000000      0.476574063      0.217168480    
       27000   0.00000000      0.490185171      0.214467347    
       28000   0.00000000      0.493750006      0.211799800    
       29000   0.00000000      0.494861126      0.209165484    
       30000   0.00000000      0.499259263      0.206563875    
       31000   0.00000000      0.508796275      0.225467771    
       32000   0.00000000      0.520046294      0.222663432    
       33000   0.00000000      0.514490724      0.219893977    
       34000   0.00000000      0.522453725      0.217158943    
       35000   0.00000000      0.498472214      0.214457929    
       36000   0.00000000      0.491620362      0.211790502    
       37000   0.00000000      0.498240739      0.209156260    
       38000   0.00000000      0.510694444      0.228297383    
       39000   0.00000000      0.494259268      0.203985646    
       40000   0.00000000      0.504629612      0.222653612    
       41000   0.00000000      0.513935208      0.219884261    
       42000   0.00000000      0.483888894      0.217149362    
       43000   0.00000000      0.490416676      0.214448467    
       44000   0.00000000      0.497175932      0.211781189    
       45000   0.00000000      0.495879620      0.209147081    
       46000   0.00000000      0.503101826      0.228287369    
       47000   0.00000000      0.514861107      0.225447953    
       48000   0.00000000      0.516157389      0.222643852    
       49000   0.00000000      0.512222230      0.219874620    
       50000   0.00000000      0.496574074      0.217139825    
       51000   0.00000000      0.493287027      0.214439049    
       52000   0.00000000      0.486203700      0.211771876    
       53000   0.00000000      0.499490738      0.209137857    
       54000   0.00000000      0.506388903      0.228277296    
       55000   0.00000000      0.510555565      0.225437999    
       56000   0.00000000      0.521759272      0.222634017    
       57000   0.00000000      0.522083342      0.219864920    
       58000   0.00000000      0.492731482      0.217130259    
       59000   0.00000000      0.491759270      0.214429602    
       60000   0.00000000      0.483842582      0.211762547    
       61000   0.00000000      0.491250008      0.209128678    
       62000   0.00000000      0.504305542      0.228267282    
       63000   0.00000000      0.509120345      0.225428119    
       64000   0.00000000      0.522916675      0.222624287    
       65000   0.00000000      0.518333316      0.219855294    
       66000   0.00000000      0.493842602      0.217120752    
       67000   0.00000000      0.492314816      0.214420229    
       68000   0.00000000      0.488657415      0.211753264    
       69000   0.00000000      0.487314820      0.209119484    
       70000   0.00000000      0.497361124      0.206518471    
       71000   0.00000000      0.515648127      0.225418180    
       72000   0.00000000      0.511388898      0.222614437    
       73000   0.00000000      0.480277777      0.219845563    
       74000   0.00000000      0.492083341      0.217111140    
       75000   0.00000000      0.494814813      0.214410707    
       76000   0.00000000      0.522175908      0.211743891    
       77000   0.00000000      0.508101881      0.231121838    
       78000   0.00000000      0.505879641      0.228247166    
       79000   0.00000000      0.509398162      0.225408226    
       80000   0.00000000      0.507175922      0.222604617    
       81000   0.00000000      0.494444430      0.219835892    
       82000   0.00000000      0.523518503      0.217101589    
       83000   0.00000000      0.491342604      0.214401290    
       84000   0.00000000      0.482916653      0.211734578    
       85000   0.00000000      0.498055547      0.209101036    
       86000   0.00000000      0.506851852      0.228237122    
       87000   0.00000000      0.508935213      0.225398332    
       88000   0.00000000      0.508055568      0.222594842    
       89000   0.00000000      0.475138903      0.219826236    
       90000   0.00000000      0.490972221      0.217092052    
       91000   0.00000000      0.513009250      0.214391872    
       92000   0.00000000      0.501898170      0.234012157    
       93000   0.00000000      0.497916669      0.209091857    
       94000   0.00000000      0.504351854      0.228227079    
       95000   0.00000000      0.512129605      0.225388378    
       96000   0.00000000      0.517777801      0.222585008    
       97000   0.00000000      0.484074086      0.219816521    
       98000   0.00000000      0.489861101      0.217082456    
       99000   0.00000000      0.486157417      0.214382410    
      100000   0.00000000      0.509537041      0.234001815    
      101000   0.00000000      0.511620343      0.231091321    
 DONE ALL CONFIGURATIONS
 DONE SAVING CONFIG FINAL
 CLEAR MEMORY
  0.500000000       1.57658637    
 GDR DONE, SAVE
 GDR DONE CALC
 DONE
 ===================================================================
 =============================================================================
 NUMERO DE PARTICULAS
         216
 CONCENTRACION REDUCIDA
  0.600000024    
 NUMERO DE CICLOS
      101000
 MONITOREO EN PANTALLA (CADA CAUNTOS CICLOS)
        1000
 NUMERO DE PASOS PARA GUARDAR CONFIGURACION
         100
 FRECUENCIA DE CORRECCION EN DESPLAZAMIENTO
         100
 =============================================================================
 LONGITUD DE LA CELDA:   7.11378717    
 CONFIGURACION INICIAL LISTA
 ENERGIA DE LA CONFIGURACION INICIAL:   0.00000000    
 =============================================================================
 |CONFIG||ENERGIA PARTICULA||RATIO||DR|
        1000   0.00000000      0.491851866      0.147376105    
        2000   0.00000000      0.503148139      0.160863370    
        3000   0.00000000      0.496851861      0.143732771    
        4000   0.00000000      0.504074097      0.156886607    
        5000   0.00000000      0.474722236      0.154935256    
        6000   0.00000000      0.521898150      0.153008193    
        7000   0.00000000      0.508518517      0.151105091    
        8000   0.00000000      0.529814839      0.149225637    
        9000   0.00000000      0.496851861      0.147369578    
       10000   0.00000000      0.494768530      0.145536602    
       11000   0.00000000      0.489861101      0.143726408    
       12000   0.00000000      0.496666670      0.141938761    
       13000   0.00000000      0.513750017      0.154928401    
       14000   0.00000000      0.499675930      0.138429865    
       15000   0.00000000      0.494814813      0.151098385    
       16000   0.00000000      0.497222215      0.149219021    
       17000   0.00000000      0.490231484      0.147363052    
       18000   0.00000000      0.503287017      0.160849139    
       19000   0.00000000      0.494722217      0.143720090    
       20000   0.00000000      0.507129610      0.156872764    
       21000   0.00000000      0.508842587      0.154921561    
       22000   0.00000000      0.516944468      0.152994648    
       23000   0.00000000      0.520601869      0.151091725    
       24000   0.00000000      0.496296287      0.149212450    
       25000   0.00000000      0.497453690      0.147356555    
       26000   0.00000000      0.498703718      0.145523742    
       27000   0.00000000      0.502175927      0.158841461    
       28000   0.00000000      0.503796279      0.156865790    
       29000   0.00000000      0.515416682      0.154914707    
       30000   0.00000000      0.516666651      0.152987882    
       31000   0.00000000      0.485370368      0.151085019    
       32000   0.00000000      0.487222224      0.149205834    
       33000   0.00000000      0.483148158      0.147350013    
       34000   0.00000000      0.491342604      0.145517275    
       35000   0.00000000      0.512546301      0.158834413    
       36000   0.00000000      0.510324061      0.156858817    
       37000   0.00000000      0.508240759      0.154907808    
       38000   0.00000000      0.506388903      0.152981073    
       39000   0.00000000      0.472685188      0.151078328    
       40000   0.00000000      0.482685179      0.149199247    
       41000   0.00000000      0.491018504      0.147343546    
       42000   0.00000000      0.506944418      0.160827845    
       43000   0.00000000      0.499907404      0.143701047    
       44000   0.00000000      0.515462935      0.156851962    
       45000   0.00000000      0.520046294      0.154901057    
       46000   0.00000000      0.502638876      0.152974412    
       47000   0.00000000      0.525138915      0.151071697    
       48000   0.00000000      0.502777755      0.164897189    
       49000   0.00000000      0.490277767      0.147337064    
       50000   0.00000000      0.491990745      0.145504490    
       51000   0.00000000      0.495138884      0.143694714    
       52000   0.00000000      0.492175937      0.141907439    
       53000   0.00000000      0.518888891      0.154894218    
       54000   0.00000000      0.513564825      0.152967647    
       55000   0.00000000      0.519999981      0.151065052    
       56000   0.00000000      0.531666696      0.149186105    
       57000   0.00000000      0.494861126      0.147330537    
       58000   0.00000000      0.491851866      0.145498067    
       59000   0.00000000      0.491250008      0.143688381    
       60000   0.00000000      0.503888905      0.156838149    
       61000   0.00000000      0.513750017      0.154887393    
       62000   0.00000000      0.508333325      0.152960896    
       63000   0.00000000      0.518611133      0.151058391    
       64000   0.00000000      0.470324069      0.149179503    
       65000   0.00000000      0.495879620      0.147324026    
       66000   0.00000000      0.492638886      0.145491615    
       67000   0.00000000      0.491990745      0.143681988    
       68000   0.00000000      0.491944432      0.141894877    
       69000   0.00000000      0.500833333      0.154880539    
       70000   0.00000000      0.506018519      0.152954131    
       71000   0.00000000      0.487407416      0.151051685    
       72000   0.00000000      0.487037033      0.149172917    
       73000   0.00000000      0.504351854      0.162824631    
       74000   0.00000000      0.500185192      0.160799429    
       75000   0.00000000      0.501481473      0.158799425    
       76000   0.00000000      0.470416665      0.156824276    
       77000   0.00000000      0.496018529      0.140123829    
       78000   0.00000000      0.484166652      0.152947411    
       79000   0.00000000      0.469583333      0.151045069    
       80000   0.00000000      0.492314816      0.149166390    
       81000   0.00000000      0.481249988      0.147311062    
       82000   0.00000000      0.484861106      0.145478800    
       83000   0.00000000      0.506944418      0.158792406    
       84000   0.00000000      0.504398167      0.156817332    
       85000   0.00000000      0.517546296      0.154866859    
       86000   0.00000000      0.486064821      0.152940646    
       87000   0.00000000      0.479583323      0.151038364    
       88000   0.00000000      0.478703707      0.149159759    
       89000   0.00000000      0.485416681      0.147304520    
       90000   0.00000000      0.494722217      0.145472363    
       91000   0.00000000      0.509629607      0.158785388    
       92000   0.00000000      0.508148134      0.156810418    
       93000   0.00000000      0.501990736      0.154860035    
       94000   0.00000000      0.493981481      0.138368756    
       95000   0.00000000      0.485462964      0.151031703    
       96000   0.00000000      0.517222226      0.149153173    
       97000   0.00000000      0.484583348      0.147298008    
       98000   0.00000000      0.488888890      0.145465940    
       99000   0.00000000      0.501898170      0.158778384    
      100000   0.00000000      0.499814808      0.141869843    
      101000   0.00000000      0.514814794      0.154853195    
 DONE ALL CONFIGURATIONS
 DONE SAVING CONFIG FINAL
 CLEAR MEMORY
  0.600000024       2.42606640    
 GDR DONE, SAVE
 GDR DONE CALC
 DONE
 ===================================================================
 =============================================================================
 NUMERO DE PARTICULAS
         216
 CONCENTRACION REDUCIDA
  0.699999988    
 NUMERO DE CICLOS
      101000
 MONITOREO EN PANTALLA (CADA CAUNTOS CICLOS)
        1000
 NUMERO DE PASOS PARA GUARDAR CONFIGURACION
         100
 FRECUENCIA DE CORRECCION EN DESPLAZAMIENTO
         100
 =============================================================================
 LONGITUD DE LA CELDA:   6.75748777    
 TOTAL DE PARTICULAS COLOCADAS EN LA CELDA:         216
 CONFIGURACION INICIAL LISTA
 ENERGIA DE LA CONFIGURACION INICIAL:   0.00000000    
 =============================================================================
 |CONFIG||ENERGIA PARTICULA||RATIO||DR|
        1000   0.00000000      0.512083352      0.109151594    
        2000   0.00000000      0.501944423      0.107793972    
        3000   0.00000000      0.508657396      0.106453240    
        4000   0.00000000      0.502592564      0.105129182    
        5000   0.00000000      0.470416665      0.103821598    
        6000   0.00000000      0.501851857      0.113322921    
        7000   0.00000000      0.495509267      0.101254977    
        8000   0.00000000      0.489212960       9.99955758E-02
        9000   0.00000000      0.501111090      0.109146766    
       10000   0.00000000      0.493472219       9.75235626E-02
       11000   0.00000000      0.510555565      0.106448524    
       12000   0.00000000      0.499814808       9.51126590E-02
       13000   0.00000000      0.491759270      0.103816979    
       14000   0.00000000      0.480231494      0.102525711    
       15000   0.00000000      0.493796289      0.101250507    
       16000   0.00000000      0.491250008       9.99911502E-02
       17000   0.00000000      0.495277792       9.87474695E-02
       18000   0.00000000      0.514999986      0.107784428    
       19000   0.00000000      0.485370368      0.106443800    
       20000   0.00000000      0.479120374      0.105119854    
       21000   0.00000000      0.492638886      0.103812389    
       22000   0.00000000      0.486712962      0.102521181    
       23000   0.00000000      0.503333330      0.111903511    
       24000   0.00000000      0.489490747       9.99867395E-02
       25000   0.00000000      0.502824068      0.109137110    
       26000   0.00000000      0.517407417      0.107779674    
       27000   0.00000000      0.510046303      0.106439121    
       28000   0.00000000      0.497592598      0.105115227    
       29000   0.00000000      0.488148153      0.103807807    
       30000   0.00000000      0.487638891      0.102516659    
       31000   0.00000000      0.496111125      0.101241559    
       32000   0.00000000      0.500092566      0.110506773    
       33000   0.00000000      0.510185182      0.109132305    
       34000   0.00000000      0.491388887       9.75106582E-02
       35000   0.00000000      0.482268512      0.106434442    
       36000   0.00000000      0.507870376      0.105110615    
       37000   0.00000000      0.527546287      0.103803255    
       38000   0.00000000      0.490231484      0.102512151    
       39000   0.00000000      0.484027773      0.101237118    
       40000   0.00000000      0.495185196       9.99779403E-02
       41000   0.00000000      0.500925899      0.109127507    
       42000   0.00000000      0.504398167      0.107770190    
       43000   0.00000000      0.508657396      0.106429756    
       44000   0.00000000      0.526203692      0.105105989    
       45000   0.00000000      0.506018519      0.103798680    
       46000   0.00000000      0.481249988      0.102507643    
       47000   0.00000000      0.494305551      0.101232663    
       48000   0.00000000      0.496712953       9.99735445E-02
       49000   0.00000000      0.493888885       9.87300798E-02
       50000   0.00000000      0.504861116      0.107765459    
       51000   0.00000000      0.530370355      0.106425069    
       52000   0.00000000      0.524999976      0.105101362    
       53000   0.00000000      0.503611088      0.103794120    
       54000   0.00000000      0.489444435      0.102503136    
       55000   0.00000000      0.488287032      0.101228200    
       56000   0.00000000      0.500092566      0.110492200    
       57000   0.00000000      0.504675925      0.109117903    
       58000   0.00000000      0.513425946      0.107760705    
       59000   0.00000000      0.507037044      0.106420375    
       60000   0.00000000      0.480833322      0.105096728    
       61000   0.00000000      0.484583348      0.103789538    
       62000   0.00000000      0.492268533      0.102498606    
       63000   0.00000000      0.486388892      0.101223737    
       64000   0.00000000      0.494953692       9.99647230E-02
       65000   0.00000000      0.498842597       9.87213701E-02
       66000   0.00000000      0.504999995      0.107755944    
       67000   0.00000000      0.512638867      0.106415682    
       68000   0.00000000      0.515694439      0.105092101    
       69000   0.00000000      0.510370374      0.103784963    
       70000   0.00000000      0.490787029      0.102494083    
       71000   0.00000000      0.505231500      0.111873925    
       72000   0.00000000      0.499305546       9.99603048E-02
       73000   0.00000000      0.509351850      0.109108262    
       74000   0.00000000      0.516712964      0.107751191    
       75000   0.00000000      0.527731478      0.106411003    
       76000   0.00000000      0.482361108      0.105087467    
       77000   0.00000000      0.471990734      0.103780389    
       78000   0.00000000      0.478935182      0.102489583    
       79000   0.00000000      0.504120350      0.111869030    
       80000   0.00000000      0.505370378      0.110477611    
       81000   0.00000000      0.512314796      0.109103501    
       82000   0.00000000      0.507962942      0.107746474    
       83000   0.00000000      0.514166653      0.106406324    
       84000   0.00000000      0.518425941      0.105082855    
       85000   0.00000000      0.488657415      0.103775851    
       86000   0.00000000      0.519583344      0.102485083    
       87000   0.00000000      0.487407416      0.101210378    
       88000   0.00000000      0.496388882       9.99515280E-02
       89000   0.00000000      0.506759286      0.109098688    
       90000   0.00000000      0.503703713      0.107741721    
       91000   0.00000000      0.516388893      0.106401630    
       92000   0.00000000      0.487314820      0.105078220    
       93000   0.00000000      0.477453709      0.103771254    
       94000   0.00000000      0.521018505      0.102480553    
       95000   0.00000000      0.516203701      0.111859158    
       96000   0.00000000      0.481574088       9.99471098E-02
       97000   0.00000000      0.509259284      0.109093867    
       98000   0.00000000      0.509583354      0.107736968    
       99000   0.00000000      0.515694439      0.106396936    
      100000   0.00000000      0.516250014      0.105073571    
      101000   0.00000000      0.518472195      0.103766665    
 DONE ALL CONFIGURATIONS
 DONE SAVING CONFIG FINAL
 CLEAR MEMORY
  0.699999988       3.66986799    
 GDR DONE, SAVE
 GDR DONE CALC
 DONE
 ===================================================================
 =============================================================================
 NUMERO DE PARTICULAS
         216
 CONCENTRACION REDUCIDA
  0.800000012    
 NUMERO DE CICLOS
      101000
 MONITOREO EN PANTALLA (CADA CAUNTOS CICLOS)
        1000
 NUMERO DE PASOS PARA GUARDAR CONFIGURACION
         100
 FRECUENCIA DE CORRECCION EN DESPLAZAMIENTO
         100
 =============================================================================
 LONGITUD DE LA CELDA:   6.46330452    
 TOTAL DE PARTICULAS COLOCADAS EN LA CELDA:         216
 CONFIGURACION INICIAL LISTA
 ENERGIA DE LA CONFIGURACION INICIAL:   0.00000000    
 =============================================================================
 |CONFIG||ENERGIA PARTICULA||RATIO||DR|
        1000   0.00000000      0.471435189       7.31420889E-02
        2000   0.00000000      0.498333335       7.22323656E-02
        3000   0.00000000      0.491805553       7.13339448E-02
        4000   0.00000000      0.495000005       7.04466999E-02
        5000   0.00000000      0.535879612       6.95704743E-02
        6000   0.00000000      0.497777790       6.87051639E-02
        7000   0.00000000      0.474999994       7.49927685E-02
        8000   0.00000000      0.473240733       7.40600005E-02
        9000   0.00000000      0.502222240       7.31388405E-02
       10000   0.00000000      0.533379614       7.22291470E-02
       11000   0.00000000      0.511018515       7.13307559E-02
       12000   0.00000000      0.467268527       7.78586566E-02
       13000   0.00000000      0.497777790       6.95673674E-02
       14000   0.00000000      0.511018515       7.59338886E-02
       15000   0.00000000      0.472407401       7.49894232E-02
       16000   0.00000000      0.527222216       7.40567073E-02
       17000   0.00000000      0.511018515       7.31355920E-02
       18000   0.00000000      0.521203697       7.22259358E-02
       19000   0.00000000      0.485972226       7.13275895E-02
       20000   0.00000000      0.502222240       7.78551996E-02
       21000   0.00000000      0.491666675       6.95642829E-02
       22000   0.00000000      0.513240755       7.59305283E-02
       23000   0.00000000      0.508055568       7.49861076E-02
       24000   0.00000000      0.522916675       7.40534440E-02
       25000   0.00000000      0.480787039       7.31323659E-02
       26000   0.00000000      0.470833331       7.22227618E-02
       27000   0.00000000      0.493148148       7.13244602E-02
       28000   0.00000000      0.494490743       7.04373345E-02
       29000   0.00000000      0.482129633       6.95612431E-02
       30000   0.00000000      0.506018519       7.59272054E-02
       31000   0.00000000      0.521527767       7.49828219E-02
       32000   0.00000000      0.487037033       7.40502030E-02
       33000   0.00000000      0.482175916       7.31291696E-02
       34000   0.00000000      0.488101840       7.22195879E-02
       35000   0.00000000      0.488657415       7.13213310E-02
       36000   0.00000000      0.509398162       7.04342350E-02
       37000   0.00000000      0.502824068       7.68800825E-02
       38000   0.00000000      0.512685180       7.59238377E-02
       39000   0.00000000      0.511296272       7.49795139E-02
       40000   0.00000000      0.501990736       7.40469247E-02
       41000   0.00000000      0.511435211       7.31259361E-02
       42000   0.00000000      0.481527776       7.22163990E-02
       43000   0.00000000      0.493750006       7.13181719E-02
       44000   0.00000000      0.498703718       7.04311207E-02
       45000   0.00000000      0.503703713       7.68766925E-02
       46000   0.00000000      0.515416682       7.59205073E-02
       47000   0.00000000      0.470925927       7.49762282E-02
       48000   0.00000000      0.507962942       7.40436986E-02
       49000   0.00000000      0.474259257       7.31227472E-02
       50000   0.00000000      0.488703698       7.22132549E-02
       51000   0.00000000      0.487685174       7.13150576E-02
       52000   0.00000000      0.497546285       7.04280511E-02
       53000   0.00000000      0.522592604       6.95520714E-02
       54000   0.00000000      0.504120350       7.59171918E-02
       55000   0.00000000      0.523472250       7.49729499E-02
       56000   0.00000000      0.468518525       7.40404427E-02
       57000   0.00000000      0.496527791       6.61557689E-02
       58000   0.00000000      0.478101850       7.22100735E-02
       59000   0.00000000      0.472824067       7.13119358E-02
       60000   0.00000000      0.502870381       7.78381154E-02
       61000   0.00000000      0.495555550       6.95490167E-02
       62000   0.00000000      0.496435195       6.86839670E-02
       63000   0.00000000      0.513935208       7.49696419E-02
       64000   0.00000000      0.528287053       7.40371794E-02
       65000   0.00000000      0.483657420       7.31163099E-02
       66000   0.00000000      0.485555559       7.22068995E-02
       67000   0.00000000      0.495000005       7.13087991E-02
       68000   0.00000000      0.506712973       7.78346956E-02
       69000   0.00000000      0.514537036       7.68665969E-02
       70000   0.00000000      0.496666670       6.86809570E-02
       71000   0.00000000      0.511944473       7.49663562E-02
       72000   0.00000000      0.482453704       7.40339309E-02
       73000   0.00000000      0.523101866       7.31131062E-02
       74000   0.00000000      0.486851841       7.22037256E-02
       75000   0.00000000      0.521574080       7.13056549E-02
       76000   0.00000000      0.495324075       7.04187676E-02
       77000   0.00000000      0.487500012       6.95429072E-02
       78000   0.00000000      0.509722233       7.59072080E-02
       79000   0.00000000      0.511990726       7.49630705E-02
       80000   0.00000000      0.478888899       7.40306750E-02
       81000   0.00000000      0.487685174       7.31098875E-02
       82000   0.00000000      0.482731491       7.22005591E-02
       83000   0.00000000      0.481111109       7.13025257E-02
       84000   0.00000000      0.487824082       7.04156607E-02
       85000   0.00000000      0.477685183       6.95398301E-02
       86000   0.00000000      0.502685189       7.59038255E-02
       87000   0.00000000      0.504212976       7.49597400E-02
       88000   0.00000000      0.517731488       7.40273967E-02
       89000   0.00000000      0.495138884       7.31066465E-02
       90000   0.00000000      0.479907393       7.21973479E-02
       91000   0.00000000      0.503055573       7.88045600E-02
       92000   0.00000000      0.505046308       7.78244063E-02
       93000   0.00000000      0.496481478       6.95367679E-02
       94000   0.00000000      0.509074092       7.59005100E-02
       95000   0.00000000      0.515879631       7.49564618E-02
       96000   0.00000000      0.501620352       7.40241706E-02
       97000   0.00000000      0.520185173       7.31034577E-02
       98000   0.00000000      0.486574084       7.21941963E-02
       99000   0.00000000      0.504351854       7.88011178E-02
      100000   0.00000000      0.493611097       7.04094768E-02
      101000   0.00000000      0.501620352       7.68530667E-02
 DONE ALL CONFIGURATIONS
 DONE SAVING CONFIG FINAL
 CLEAR MEMORY
  0.800000012       5.50164652    
 GDR DONE, SAVE
 GDR DONE CALC
 DONE
 ===================================================================
 =============================================================================
 NUMERO DE PARTICULAS
         216
 CONCENTRACION REDUCIDA
  0.900000036    
 NUMERO DE CICLOS
      101000
 MONITOREO EN PANTALLA (CADA CAUNTOS CICLOS)
        1000
 NUMERO DE PASOS PARA GUARDAR CONFIGURACION
         100
 FRECUENCIA DE CORRECCION EN DESPLAZAMIENTO
         100
 =============================================================================
 LONGITUD DE LA CELDA:   6.21446514    
 TOTAL DE PARTICULAS COLOCADAS EN LA CELDA:         216
 CONFIGURACION INICIAL LISTA
 ENERGIA DE LA CONFIGURACION INICIAL:   0.00000000    
 =============================================================================
 |CONFIG||ENERGIA PARTICULA||RATIO||DR|
        1000   0.00000000      0.437407404       5.98736815E-02
        2000   0.00000000      0.501805544       5.34976497E-02
        3000   0.00000000      0.531759262       4.78006080E-02
        4000   0.00000000      0.517222226       5.21751195E-02
        5000   0.00000000      0.515694439       5.15261702E-02
        6000   0.00000000      0.467361122       5.08852825E-02
        7000   0.00000000      0.488703698       5.02523743E-02
        8000   0.00000000      0.533657432       4.96273413E-02
        9000   0.00000000      0.513657391       4.90100794E-02
       10000   0.00000000      0.492314816       4.84004989E-02
       11000   0.00000000      0.490833342       4.77984995E-02
       12000   0.00000000      0.488287032       5.21728247E-02
       13000   0.00000000      0.517777801       5.15239015E-02
       14000   0.00000000      0.506759286       5.08830510E-02
       15000   0.00000000      0.486574084       5.02501726E-02
       16000   0.00000000      0.523935199       4.96251658E-02
       17000   0.00000000      0.517731488       5.41666523E-02
       18000   0.00000000      0.493425936       4.83983681E-02
       19000   0.00000000      0.525972247       4.77963910E-02
       20000   0.00000000      0.516666651       5.21705188E-02
       21000   0.00000000      0.514861107       5.15216254E-02
       22000   0.00000000      0.497083336       4.60350178E-02
       23000   0.00000000      0.488472223       5.02479561E-02
       24000   0.00000000      0.507731497       5.48464395E-02
       25000   0.00000000      0.498009264       4.90057655E-02
       26000   0.00000000      0.514212966       5.34905717E-02
       27000   0.00000000      0.495601863       4.77942824E-02
       28000   0.00000000      0.504722238       5.21682240E-02
       29000   0.00000000      0.506944418       5.15193567E-02
       30000   0.00000000      0.481018513       4.60329838E-02
       31000   0.00000000      0.487546295       4.54604290E-02
       32000   0.00000000      0.514907420       4.96207811E-02
       33000   0.00000000      0.499398142       4.90035973E-02
       34000   0.00000000      0.486481488       4.83940989E-02
       35000   0.00000000      0.473749995       4.77921702E-02
       36000   0.00000000      0.525416672       5.21659069E-02
       37000   0.00000000      0.514074087       5.15170693E-02
       38000   0.00000000      0.469351858       5.08763008E-02
       39000   0.00000000      0.472499996       5.02435006E-02
       40000   0.00000000      0.490416676       4.96185794E-02
       41000   0.00000000      0.495787024       4.90014292E-02
       42000   0.00000000      0.513611138       5.34858406E-02
       43000   0.00000000      0.467916667       5.28205857E-02
       44000   0.00000000      0.497962952       4.71956432E-02
       45000   0.00000000      0.515740752       5.15148006E-02
       46000   0.00000000      0.501157403       5.62292226E-02
       47000   0.00000000      0.519259274       5.02412952E-02
       48000   0.00000000      0.494444430       4.96163927E-02
       49000   0.00000000      0.494675934       4.89992648E-02
       50000   0.00000000      0.492037028       4.83898111E-02
       51000   0.00000000      0.515740752       5.28182462E-02
       52000   0.00000000      0.503009260       5.21612987E-02
       53000   0.00000000      0.483842582       5.15125245E-02
       54000   0.00000000      0.515787065       5.08718155E-02
       55000   0.00000000      0.472268522       5.02390750E-02
       56000   0.00000000      0.513703704       4.96142022E-02
       57000   0.00000000      0.489444435       4.89971079E-02
       58000   0.00000000      0.500601828       5.34811206E-02
       59000   0.00000000      0.493518531       4.77858372E-02
       60000   0.00000000      0.487731487       4.71914858E-02
       61000   0.00000000      0.515879631       5.15102521E-02
       62000   0.00000000      0.527361095       5.08695729E-02
       63000   0.00000000      0.522361100       5.02368622E-02
       64000   0.00000000      0.505879641       5.48343360E-02
       65000   0.00000000      0.492685199       4.89949510E-02
       66000   0.00000000      0.519212961       5.34787625E-02
       67000   0.00000000      0.486666679       4.77837361E-02
       68000   0.00000000      0.483564824       4.71893996E-02
       69000   0.00000000      0.509490728       5.15079796E-02
       70000   0.00000000      0.492407411       5.08673266E-02
       71000   0.00000000      0.472268522       5.02346456E-02
       72000   0.00000000      0.490462959       4.96098250E-02
       73000   0.00000000      0.517129600       4.89927828E-02
       74000   0.00000000      0.500277758       5.34764044E-02
       75000   0.00000000      0.491250008       4.77816239E-02
       76000   0.00000000      0.503472209       5.21544032E-02
       77000   0.00000000      0.499814808       4.66004051E-02
       78000   0.00000000      0.478935182       5.08650802E-02
       79000   0.00000000      0.525185168       5.02324179E-02
       80000   0.00000000      0.500555575       5.48294783E-02
       81000   0.00000000      0.508981466       5.41475154E-02
       82000   0.00000000      0.484768510       4.83812690E-02
       83000   0.00000000      0.497824073       4.77795042E-02
       84000   0.00000000      0.503055573       5.21520898E-02
       85000   0.00000000      0.482916653       5.15034236E-02
       86000   0.00000000      0.524351835       5.08628264E-02
       87000   0.00000000      0.530324101       5.02302013E-02
       88000   0.00000000      0.487638891       4.96054441E-02
       89000   0.00000000      0.478287041       4.89884540E-02
       90000   0.00000000      0.495416671       4.83791381E-02
       91000   0.00000000      0.499537051       4.77773994E-02
       92000   0.00000000      0.490046293       4.71831486E-02
       93000   0.00000000      0.498148143       5.15011586E-02
       94000   0.00000000      0.482731491       5.08605912E-02
       95000   0.00000000      0.516851842       5.02279922E-02
       96000   0.00000000      0.497222215       4.96032685E-02
       97000   0.00000000      0.494722217       4.89863046E-02
       98000   0.00000000      0.491620362       4.83770147E-02
       99000   0.00000000      0.502037048       5.28042801E-02
      100000   0.00000000      0.491203696       5.21474965E-02
      101000   0.00000000      0.472361118       5.14988862E-02
 DONE ALL CONFIGURATIONS
 DONE SAVING CONFIG FINAL
 CLEAR MEMORY
  0.900000036       8.19339943    
 GDR DONE, SAVE
 GDR DONE CALC
 DONE
 ===================================================================
4100.34user 3.21system 1:09:11elapsed 98%CPU (0avgtext+0avgdata 5048maxresident)k
0inputs+54704outputs (0major+5611minor)pagefaults 0swaps
