 NUMERO DE PARTICULAS
         250
 CONCENTRACION REDUCIDA
  0.400000006    
 NUMERO DE CICLOS
      100000
 MONITOREO EN PANTALLA (CADA CAUNTOS CICLOS)
        1000
 NUMERO DE PASOS PARA GUARDAR CONFIGURACION
         100
 FRECUENCIA DE CORRECCION EN DESPLAZAMIENTO
         100
 =============================================================================
 LONGITUD DE LA CELDA:   8.54988003    
 CONFIGURACION INICIAL LISTA
 ENERGIA DE LA CONFIGURACION INICIAL:   0.00000000    
 =============================================================================
 |CONFIG||ENERGIA PARTICULA||RATIO||DR|
        1000   0.00000000      0.713999987      0.162889376    
        2000   0.00000000      0.594600022      0.265329510    
        3000   0.00000000      0.490200013      0.320096821    
        4000   0.00000000      0.498600006      0.316115528    
        5000   0.00000000      0.507439971      0.345045149    
        6000   0.00000000      0.503880024      0.340753496    
        7000   0.00000000      0.499920011      0.304466128    
        8000   0.00000000      0.480239987      0.332329661    
        9000   0.00000000      0.484360009      0.328196138    
       10000   0.00000000      0.518040001      0.324114054    
       11000   0.00000000      0.489679992      0.320082724    
       12000   0.00000000      0.500959992      0.349375367    
       13000   0.00000000      0.504999995      0.345029831    
       14000   0.00000000      0.510439992      0.340738386    
       15000   0.00000000      0.501359999      0.336500317    
       16000   0.00000000      0.521719992      0.332314938    
       17000   0.00000000      0.480520010      0.328181624    
       18000   0.00000000      0.491039991      0.324099720    
       19000   0.00000000      0.493519992      0.320068598    
       20000   0.00000000      0.496160001      0.316087604    
       21000   0.00000000      0.504719973      0.345014602    
       22000   0.00000000      0.506479979      0.340723276    
       23000   0.00000000      0.506479979      0.336485356    
       24000   0.00000000      0.502439976      0.332300216    
       25000   0.00000000      0.485399991      0.328167081    
       26000   0.00000000      0.491200000      0.324085325    
       27000   0.00000000      0.493440002      0.320054382    
       28000   0.00000000      0.500880003      0.349344462    
       29000   0.00000000      0.512000024      0.344999313    
       30000   0.00000000      0.499000013      0.308259845    
       31000   0.00000000      0.517480016      0.336470544    
       32000   0.00000000      0.474119991      0.332285494    
       33000   0.00000000      0.480800003      0.328152537    
       34000   0.00000000      0.494960010      0.324071020    
       35000   0.00000000      0.493959993      0.320040256    
       36000   0.00000000      0.491840005      0.316059649    
       37000   0.00000000      0.501240015      0.344984204    
       38000   0.00000000      0.504679978      0.340693355    
       39000   0.00000000      0.506680012      0.336455852    
       40000   0.00000000      0.521160007      0.332271069    
       41000   0.00000000      0.514720023      0.328138322    
       42000   0.00000000      0.493319988      0.324056923    
       43000   0.00000000      0.489560008      0.320026338    
       44000   0.00000000      0.498640001      0.316045851    
       45000   0.00000000      0.499480009      0.312114835    
       46000   0.00000000      0.505720019      0.340678334    
       47000   0.00000000      0.511960030      0.336440980    
       48000   0.00000000      0.521960020      0.332256347    
       49000   0.00000000      0.483880013      0.328123778    
       50000   0.00000000      0.487280011      0.324042588    
       51000   0.00000000      0.499199986      0.320012182    
       52000   0.00000000      0.503679991      0.349298418    
       53000   0.00000000      0.498320013      0.312101126    
       54000   0.00000000      0.508759975      0.340663344    
       55000   0.00000000      0.510680020      0.336426198    
       56000   0.00000000      0.515559971      0.332241744    
       57000   0.00000000      0.483480006      0.328109324    
       58000   0.00000000      0.485199988      0.324028313    
       59000   0.00000000      0.493239999      0.319998115    
       60000   0.00000000      0.503319979      0.349283040    
       61000   0.00000000      0.496239990      0.312087357    
       62000   0.00000000      0.509999990      0.340648293    
       63000   0.00000000      0.512000024      0.336411357    
       64000   0.00000000      0.522440016      0.332227051    
       65000   0.00000000      0.487120003      0.328094810    
       66000   0.00000000      0.532400012      0.324013978    
       67000   0.00000000      0.497119993      0.319983929    
       68000   0.00000000      0.494480014      0.316003978    
       69000   0.00000000      0.505599976      0.344923377    
       70000   0.00000000      0.506479979      0.340633243    
       71000   0.00000000      0.507279992      0.336396515    
       72000   0.00000000      0.526319981      0.332212478    
       73000   0.00000000      0.520839989      0.328080446    
       74000   0.00000000      0.488440007      0.323999792    
       75000   0.00000000      0.486640006      0.319969893    
       76000   0.00000000      0.483839989      0.315990120    
       77000   0.00000000      0.499480009      0.312059879    
       78000   0.00000000      0.507319987      0.340618342    
       79000   0.00000000      0.497720003      0.304345399    
       80000   0.00000000      0.512520015      0.332197845    
       81000   0.00000000      0.489960015      0.328065962    
       82000   0.00000000      0.487120003      0.323985487    
       83000   0.00000000      0.493039995      0.319955766    
       84000   0.00000000      0.494320005      0.315976143    
       85000   0.00000000      0.500680029      0.344892979    
       86000   0.00000000      0.498400003      0.308164835    
       87000   0.00000000      0.510320008      0.336366862    
       88000   0.00000000      0.483480006      0.332183182    
       89000   0.00000000      0.489439994      0.328051478    
       90000   0.00000000      0.490359992      0.323971212    
       91000   0.00000000      0.488079995      0.319941700    
       92000   0.00000000      0.494520009      0.315962315    
       93000   0.00000000      0.497480005      0.312032402    
       94000   0.00000000      0.503040016      0.340588301    
       95000   0.00000000      0.500959992      0.336352080    
       96000   0.00000000      0.506439984      0.332168579    
       97000   0.00000000      0.510439992      0.328037113    
       98000   0.00000000      0.488999993      0.323956966    
       99000   0.00000000      0.490599990      0.319927603    
      100000   0.00000000      0.499760002      0.315948337    
 DONE ALL CONFIGURATIONS
 DONE SAVING CONFIG FINAL
 CLEAR MEMORY
   0.00000000       1.74437630       2.09602404    
 GDR DONE, SAVE
 GDR DONE CALC
 DONE
595.72user 0.63system 10:01.68elapsed 99%CPU (0avgtext+0avgdata 5188maxresident)k
0inputs+6184outputs (0major+837minor)pagefaults 0swaps
